50.0
696.4404506368992
3251.103325128933
9700.586025666546
22649.36448992798
45283.99729639832
81347.1901537277
135117.61006314433
211393.45661328817
315478.6722400965
453171.10213660897
630752.1496748754
854977.6128560356
1.1330694753741531e6
1.4727084841052408e6
1.8820273848271412e6
2.369604716328801e6
2.9444590837090043e6
3.616043847037196e6
4.394242173224469e6
5.289362407973597e6
6.3121337317528045e6
7.473702069363149e6
8.785626227195265e6
1.025987423595221e7
1.1908819879638353e7
1.3745239394119205e7
1.5782308320649803e7
1.803359850153045e7
2.0513075206540775e7
2.3235094380075913e7
2.621439999999998e7
2.9466121540173456e7
3.3005771529427037e7
3.684924320046519e7
4.10128082228042e7
4.5513114514395654e7
5.036718412706743e7
5.55924112013411e7
