0.14097878431832142
2.339513772435631
0.24813606247542835
0.06943744882159755
1.9003733340085922
0.06285869166913317
2.024275650219187
0.7492013638324102
0.47824421250927124
0.14890813903732544
1.6437190584081274
0.0916914421201315
0.22448355021472943
1.0424051493845286
0.5691848341861294
2.45035160123277
0.5261864189701794
0.2528058836064355
0.29419622067018814
1.290659448676203
0.17477457766798993
0.23908655178685492
1.129654184361845
0.15292921918511335
0.19735565098002084
0.16505490047093554
0.119308416577917
1.1941813876647034
1.7460252307614152
0.7770436697734002
1.7325308425982555
2.2901193599200034
2.597599583054222
2.6323451351560205
0.2653538282235049
2.486062095048756
0.18287650573580672
1.427904101389558
1.6183620010079356
2.3881225781704427
1.3489800581645617
2.463211172269242
0.17235721917845997
2.2807172223759054
0.9374412501942739
1.3925730625642185
0.9065330480075764
2.717836543526581
1.301376831951317
0.4631944408157761
1.61388120873471
1.9788654212861125
0.2300665532783847
0.34668316669748817
1.5855134224492609
0.18897242023448813
0.1985567656145106
0.5968232683019087
1.8953511280357886
0.7211251531367505
0.08487142647617414
1.6366110653287564
2.395478522343743
1.3320840298587004
0.4463718683591805
0.13723061383282345
2.4018708601417793
1.3442702239051065
1.841285395610386
1.7490856627769773
0.9535692073645912
0.5021371475205701
2.6026299724248307
1.0946651408042114
0.4927145489806437
0.7562506883302071
