0.24253862686905764
2.6212741057736806
0.8904508377078632
0.21740797470310447
1.7718251191268302
2.103317185986165
2.5851353046813523
1.6829523830845836
2.5635553285385333
1.530139280064267
2.580425091523691
1.1874591605740952
1.0829097328460748
1.13242559906046
1.5974580953594881
2.6437359023552616
1.5077786495718422
0.1101689010842669
2.2192956113052826
1.5099515004549933
0.1417688208689166
1.3870913142952699
2.034673401370607
0.19489273848283134
0.3217309420146069
1.1226243637380566
0.3577951076087107
2.086482354549537
2.069653030531902
2.695556169268101
2.5384837517442413
2.5181253993017694
2.6782614805621248
2.683288753384779
1.8731137054691298
2.579245325183256
0.37536257727295286
2.644178585617877
2.705422484299165
2.458002300625205
2.1196587819712387
2.373592758921027
0.3631583269017865
2.718349385065882
1.6953475845448387
2.403296390544244
2.6491082781034936
2.806257490116367
2.654890967679699
1.4300401962608693
2.527591468412905
2.7672286621521307
0.08553787740789393
1.892365594379475
2.321607716586823
0.08161764269494853
0.20476133489113985
1.4164898544847242
2.2965436781204236
0.9319948110613829
0.1873247493530627
1.8716937140887389
2.4339865579093423
2.0871791886125504
0.42181800415459786
0.35608598232379074
2.417217756901725
2.533343083849208
2.3241794966167735
2.5668346036397183
1.7918185852519728
1.7156678315380098
2.2144454130841935
1.6348388274691747
0.793018095428992
0.1087253645439839
