NaN
-0.001389089860300904
-0.00028715807343640776
-0.004967644906650771
-0.004731071939591747
-0.009155819464914915
-0.015272298934712361
-0.01549176503695189
-0.016882082288497035
-0.015555619286743531
-0.017278113156030946
-0.0186125510056581
-0.021760089447094184
-0.02587808636905675
-0.03474536687051224
-0.03149083523224797
-0.037758787266299526
-0.04800974400454088
-0.04793385816876329
-0.0548687003949542
-0.056952826739456945
-0.06006689707464013
-0.05556339915989045
-0.0656950647072524
-0.07163936728334883
-0.08758772572148207
-0.07832559775126828
-0.0901076147344143
-0.08160882643443725
-0.10092660314682687
