1.3157894736842106
2.6315789473684212
3.9473684210526314
5.2631578947368425
6.578947368421052
7.894736842105263
9.210526315789474
10.526315789473685
11.842105263157894
13.157894736842104
14.473684210526315
15.789473684210526
17.105263157894736
18.42105263157895
19.736842105263158
21.05263157894737
22.36842105263158
23.684210526315788
25.0
26.31578947368421
27.63157894736842
28.94736842105263
30.263157894736842
31.57894736842105
32.89473684210526
34.21052631578947
35.526315789473685
36.8421052631579
38.1578947368421
39.473684210526315
40.78947368421053
42.10526315789474
43.421052631578945
44.73684210526316
46.05263157894737
47.368421052631575
48.68421052631579
50.0
51.31578947368421
52.63157894736842
53.94736842105263
55.26315789473684
56.578947368421055
57.89473684210526
59.21052631578947
60.526315789473685
61.8421052631579
63.1578947368421
64.47368421052632
