-1.36145702757997
-1.3614048301667832
-1.3614588254502569
-1.3614042861046567
-1.3614002740444198
-1.3615231619189667
-1.3614148800895198
-1.3615431283827637
-1.3614229459138065
-1.3615417739436837
-1.3615396616594135
-1.3615377197130134
-1.3615121952616933
-1.36148129880794
-1.361554352330757
-1.3615484593712002
-1.3614985330336764
-1.3614929221082734
-1.3614717492384534
0.19335123134581045
-0.08331648301938266
-0.2222250514284676
-0.030016998601042233
-0.11031810712142931
-0.016463632212246893
-0.11506458456498392
-0.12480044052987971
0.10822678639889105
-0.010505662347179978
-0.2161646068875196
-0.011761183926069507
0.07263931192988637
0.06852895480621035
-0.012839463751629254
-0.11015039962460804
0.13776168508199071
-0.45161408787438684
-0.3770227934403134
-1.3415771941521197
-1.3440366623197764
-1.35666625321673
-1.3773937856875231
-1.3561754822253733
-1.3497229349004498
-1.37717106442769
-0.16121752730158656
-1.377107664864147
-1.3544016557001766
-1.3540943848652636
-1.3594008005300902
-1.3740855566716732
-1.37748270139479
-1.3631487770933832
-1.3581965386994668
-1.3531835766436768
-1.3771931566097297
-1.3771853415176634
-1.3509411593028369
-1.3640834426245836
-1.3497899110431266
-1.3510606506965868
-1.3555148285042664
-1.3648652204631735
-1.3624687522292502
-1.364842159015653
-1.3648951001224434
-1.3649041871302736
-1.364881374696043
-1.3648760436585934
-1.3649121052751432
-1.3566649961292132
-1.3419418205663933
-1.36488758912221
-1.3618424349850735
-1.3648987782361899
-1.3648200113324598
-0.18662074170440424
-0.23128114290000745
-0.12416663701508668
0.023240990256065408
-0.45475158298885
-0.013795600030491073
-1.2860927199475136
-0.15583542384515459
-0.31106034600156995
-0.6669052431848801
0.0660594611199724
-1.0563786298277498
0.0223481163586422
-0.20987454652565862
0.13754551716158603
-0.24479416559945655
-0.5720167839228265
-1.3424268153550196
-0.4049706251915197
-1.35114013009568
-1.358875898505223
-1.3460916498883804
-1.3595072395650236
-1.3072490481939165
-1.3568215119092066
-1.3592159589378103
-1.3577696880860004
-1.358052502429957
-1.3600650844649067
-1.3519375432023533
-1.3925414377468601
-1.3566629187835502
-1.3572377838958234
-1.3487520376015634
-1.3590485407484532
-1.3579858160682865
-1.3735272450731135
-1.3586282799534968
-1.2885732168840565
-1.3304271705300996
-1.3331135779445131
-1.35393192812597
-0.34800636220635983
-1.3379492481236466
-1.1426024198742235
-1.3133163985506533
-1.34897662114992
-1.3571347986762197
-0.96818570109623
-1.13260833545153
-1.2966900584723962
-1.3373397578135733
0.03439256213458464
-1.299322645276903
-0.34644565243021996
-1.3571705802733036
-1.3460812038067869
-0.7699298569427933
-1.3451941132147498
-1.3424778329424867
-1.3480239454054668
-0.6936262026633502
-1.34111623876441
-1.3373846973742896
-0.6299140738500564
-1.0075794349092666
-1.2111735627542397
-1.3487904159947433
-0.6542977089222999
-1.348298429970363
-1.3054888198019565
-1.1457809197755566
-0.2187891868653662
-0.9850060711627133
-1.3551946277059264
-0.7679313531434231
-1.3465201978702064
-1.3233965924795732
-1.3547764937179934
-1.35379741560225
-1.3511959945242196
-1.3433124377120236
-1.3404547999286405
-0.8583606159484434
-1.3555732406740164
-1.3598883038341332
-1.34802020796451
-1.35921435520565
-1.3519727148221965
-1.3438609070858396
-1.3376794927473332
-1.3495887012605499
-1.3489573005709903
-1.3587165283831633
-1.3532558747514765
-1.05050094465675
-0.15376651966865962
-1.34246384366396
-1.31386961447709
-0.0822107057635546
-1.3509047719353764
-0.3981148410628532
-0.04011651942184091
-0.13302191849971623
-0.2300490378446176
-0.34177328190675005
-0.2848397525380333
-1.19962150496669
-0.3974362273504699
-0.05001229541125529
-0.8752302338409932
-0.4531858651561633
-0.3196822431040933
-1.2082874133857333
-1.3549548214416598
-1.3565683535256765
-1.3684130571851831
-1.3585049313301534
-1.3507328019404001
-1.3589017111327601
-1.3570504654406532
-1.3544740254370766
-1.3549144933053534
-1.3597210132421602
-1.024962102391153
-1.35945853437351
-1.3524998475433532
-1.3528782948557097
-1.3541617222759368
-1.3560210281011398
-1.3570046435314036
-1.3759968645894234
-1.3301003253772565
-1.35520430399614
-1.3280003598758134
-1.3563117033033665
-1.3573144518908067
-0.21487406306961887
-1.3576540832427968
-1.3466598196764132
-1.35932412259034
-1.3564154122840302
-1.3510021592445596
-1.3543867672197032
-1.3503253043658598
-1.3582318678157397
-1.3571517085113203
-1.3556404571627936
-1.3439576049545834
-1.356064603609413
-1.3541287669583832
-1.3550869495682631
-0.4651682321927464
-0.8133763250003001
-0.9935755390091401
-0.6117668673892631
-1.3349301639500664
-0.4916013504629766
-1.3527888260802867
-0.4951334863297967
-1.2162576371286398
-1.3520865636756798
-0.0807615935413738
-1.3524751134495534
-0.6008485446193099
-0.47765133123279013
0.05418792124433536
-0.42677667168766664
-1.34912827937766
-1.3680239622641
-1.33864931974963
-0.3389395670747666
-0.8340400549966667
-1.3569087767493402
-1.3555156130112
-1.3492315184955204
-1.1715007064412066
-1.35507090444356
-0.18062960132041495
-1.3502064364005633
-0.4254169569018733
-1.3433546261012128
-1.3437041686383933
-1.3365264022001502
-0.5675362960771733
-1.3442868807519566
-0.9712888747948132
-0.5424479476125532
-1.3779345558014269
-1.353863452631853
0.1529337155752264
-0.1761188843160243
-0.23516194506636334
-0.1464864176016586
0.09138647616526441
-0.4245372712318367
-0.021603447620564542
0.021526928813107804
-0.203547820982379
0.09004009461629991
-0.12764750876832365
-0.06836113336064731
0.019770843174063635
-0.03549703252572867
0.03955103827495743
3.658813132279004e-5
0.02902309998195296
0.18775184106651832
0.10279737813456358
-0.25651586097552603
-0.8441960221758766
-1.3566901012020098
-1.3569533185415836
-1.3544899009568536
-1.3489447996373531
-1.3570857211288603
-1.3188544508883164
-1.3564726110079097
-1.3361866093898498
-1.35642440889252
-1.3542984899847665
-1.3566288093370735
-1.35675182097572
-1.3830530902200402
-0.037098292647862685
-1.1806633414344032
-1.3832364715025363
-1.35438532806708
-1.3487725852424437
-1.3619498770569263
-1.3620234451565998
-1.02056625889153
-1.3495450102390998
-1.3556058336118935
-1.3489393036991735
-1.3619382511733802
-1.3424065520693196
-1.3294448839495536
-1.3445516278897065
-1.3613805169640498
-1.361968454894853
-1.3618265781582233
-1.2897396269356665
-1.337024177012343
-1.0686467204358066
-1.3556038498607133
-0.9081591712670933
-1.1266577450253166
-1.3573749642851398
-0.32198753062554797
-1.0792170387027167
-0.8392190165471567
-1.1679102412490332
-1.350837091223203
-1.337804065907973
-1.3420345860924332
-1.3442564792300935
-1.3309130751936897
-1.3480763045291932
-1.3330596211300665
-1.3456918998545064
-1.2298609710626063
-1.3493986105673166
-1.340538178787443
-1.355749677073777
-1.3370297660434534
0.130549964018421
-0.5970569151947067
-0.5604313363774869
-1.3452654505812265
-1.2628415224694232
-1.3471404089240697
-1.3498207315969366
-0.60343833775932
-1.2379379122432166
-1.3630396886359066
-0.5364009684021298
-0.30925040234252976
-1.0279397749539034
-0.4265565105244067
0.08713932072553077
-0.44582398750861985
-0.7340308855715165
-1.35081819714408
-1.3378298437965466
-1.2980495649198636
-1.3312646436157496
-1.3518674215602169
-1.2173979190394033
-1.3482902663251797
-1.357689655612457
-1.3320432881626032
-1.3545409518041196
-1.3106494867206968
-1.363754155167093
-1.3637582455209931
-1.34379188780995
-1.3637324435125064
-1.34345105901204
-1.2641262756907734
-1.3621415507568537
-1.3592174320705133
-1.35100679148784
-1.21096117320268
-1.32902160588822
-1.3520118093546167
-1.3557327116407665
-1.3452610120710768
-1.3539134407401532
-1.3182411214167966
-1.3561192530697168
-1.3450324433049903
-1.3527212493979834
-1.3502777257141734
-0.9010011060956769
-1.3566451936344799
-1.3140297435304666
-0.42734602437899993
-0.8637282039917835
-1.3471916067165166
-1.3504268299058064
-1.35796362185418
-1.3511409351841368
-1.3431414782304198
-1.3469036778943697
-1.3690353596025764
-1.3696900000014236
-1.3695998375271663
-1.3557657830383834
-1.3076803165311301
-1.3697155447016232
-1.2755948855164072
-1.3462503243212969
-1.3690553139576265
-1.3556817714785163
-1.3509001347604501
-1.3535616842866465
-1.3403643826743332
-1.3552427811713463
-1.3091251181758534
-1.3559933990723203
-1.2994585017123534
-1.3413493918184467
-1.3457714700788665
-1.3675551644539765
-1.3675825993661967
-1.3538822994315836
-1.3596990509231435
-1.335036224245377
-1.35317661652208
-1.0213138358886698
-1.3428965812784996
-1.353923928180723
-1.3532780173110264
-1.367553977578123
-1.3527887547314132
-1.3444247187599903
-1.3542639993950436
-1.3328138447187237
-0.98553496171132
-0.6018319689966034
-1.3540288422244262
-1.3579430501818668
-1.3565759173068765
-1.3568059969381236
-1.354855467318837
-1.3407816011992169
-1.34779109279095
-1.3538598465845597
-1.350541011151503
-1.3505233270004164
-1.3557841826094603
-1.3622694262826598
-1.3520235630871698
-0.34227745133614995
-1.3483982356502167
-1.3562823112269933
-1.3550953995897799
-1.3451134524251502
-1.3522678857834634
-1.3534438176283268
-1.3553632230469002
-1.3553855975506268
-1.350163286086063
-1.3562998022896835
-1.3528864919355668
-1.3478302242843498
-1.353699285390587
-1.2174417989391335
-1.3476013599502967
-1.3519440971802132
-1.3486922023267298
-1.3581328598713935
-1.33873243720102
-1.3442645750046966
-1.3430761830940332
-1.3528448130716533
-1.3538791712148535
-1.3384999846027297
-0.03142906560187397
-0.2737358564429
-0.9681997652591301
-0.67943789612399
-0.23499585027512193
-0.4913342976467534
-0.4206743242750166
-0.5482327568641567
-0.04025413099785302
-0.09136292180632566
-0.36561015553207343
-1.3223819898189166
-0.3112904169938966
-0.5498448081396201
-0.2019510697208794
-0.14241943634665521
0.13204975880326064
-1.25960886727573
-0.2698829732699266
-1.06987224774392
-1.3245710892496199
-1.2575051743061731
-0.7969133627706431
-1.3406374862337298
-0.9688769093709597
-0.39907204135375984
-0.6338754056621569
-0.5029213921448934
-0.9330640075608299
-1.16381245913714
-0.6605436779546698
-1.0249138445314967
-0.10717278137241404
-0.36564185320046994
-0.4995999894884433
-0.7064807370011865
-0.9901688371218631
-1.3239159570188863
-0.6077747486137097
-0.9714789948254532
-0.2614822802027599
-0.7379620108967864
-0.9722870633226035
-0.3175341305268633
-0.9374089976953668
0.027775654683200757
-0.7152242612463697
-0.8861740135557901
-0.07233998036466127
-0.9220250726441899
-0.20155128660754296
0.0718778231899071
-0.33602086189472313
-1.0130587567702334
-1.28892335838946
-1.3276984686859366
-0.8697615882307401
0.05532054741450665
-0.02791708956590966
0.14007629019516565
0.12446464525232936
-0.03923602807713722
0.19307578888114807
0.18848501831221132
-0.06698405971250188
0.2257557597910217
0.049368135349972975
-0.06620187389031196
0.241445085898631
-0.07115415859545937
0.191406026668958
0.09672910372384325
0.025835326174342588
-0.07449026355661204
-0.27933854102961964
-0.011280172095594954
0.15597063538813172
-0.03316435248578964
0.02075078159198307
0.08253169349698997
-0.11171749284846533
2.3897091852020935e-5
0.1446789105791223
0.21567008367028262
0.2171300863232163
0.20817040349018967
0.191474232388274
0.1712958563092294
0.008143379149087138
0.125491112755043
0.11671424635509664
0.09420005852500235
0.20974133848190968
-0.19337183393716006
0.0499811174038417
0.09213485903922403
-0.24429148869353434
0.18780922745312345
-0.256924688786655
0.0007824173931427758
0.062466103594347344
0.02706534110209946
0.154548482066446
0.0055370139693614595
-0.09422130726932865
0.15638664866475438
-0.05276265819303261
0.1327814856507714
0.09846781087718492
0.1442346738768654
0.1384522799052953
0.1451884309327024
-1.2047914905901733
-0.09053952484156902
-1.3509626915313997
-1.3555697414523533
-1.3569427916779069
-1.3553017523015702
-0.35918059480954323
-1.3501108338510002
-1.3228661898117298
-1.3323208848259633
-1.3484083889481338
-0.9711111271355699
-1.3496930057934837
-1.3510975808927097
-1.35193602185945
-1.353021433429817
-1.3409273380022166
-1.3440074026907531
-1.3495348944395968
-1.3465816950924832
-1.3453690674474799
0.114478718451263
-0.1351498336664937
-0.17604991966221772
0.013814980560602597
-0.04342332892428036
-0.16836702385448044
-0.002123064293024335
0.12484889760186835
0.10875508550211543
0.0740483512121406
-0.1398314903049117
-0.11956370285598739
-0.09442843236765197
0.07118539712677363
0.07340682508254037
0.1297622245103044
0.1390658622951637
-0.7023814628640901
-0.12903551784781353
-1.3539518955123335
-1.3507450151967566
-1.3466415334906734
-1.35425850600876
-1.34891147382878
-1.3544849681235633
-1.3417318532627864
-1.3454083582702165
-1.3415792518893732
-1.3742135173296597
-1.3500188550516632
-1.3415977830610668
-1.3474767504146898
-1.3430480627421404
-1.3403858195997933
-1.3313134845845997
-1.3066662849927
-1.3744842182096901
-1.3362347659398401
-0.1796552606696059
-1.17795903649698
-0.8261185065963366
-0.7720811162606032
-0.7309798982086566
-0.9443569348279135
-0.14320021783935122
-0.2069116183232289
-0.14972411151072063
-0.20810105738004003
-0.6747738579235032
-0.5330617288046133
-0.30295612035345343
-0.15761553636260628
-0.31763595594589655
-0.30601069741220677
-0.48742342625981316
-1.3285061998223235
-0.5832851426865331
-0.8860488188755402
-0.3752829634317998
-0.09622737884548072
-0.16216106581837197
-0.10736321271511062
-0.38021518079974004
-1.070303445454803
-0.21714149152223494
-0.6746473477865067
-0.9303384078064667
-0.30090143155547744
-1.0788302983126732
-0.39651654204791664
-0.1673532911162473
-0.13405776840858363
-0.7771837408951967
-0.39899841885875675
-0.9526780822534564
-0.17747982580190902
-0.10855775858400563
-0.7307830882421733
0.025591170334554048
0.005377910658612706
-0.3837621431291669
-0.06636531972936766
-0.13142402892591531
-0.42404126638048667
0.07196669794540167
-0.23989940208206018
-0.3590055635667566
0.09436666590401399
-0.2157254036122982
0.014723240252210057
-0.027130509552035886
0.09513191676004717
-0.24541092992274005
-1.0773969871335132
-0.3634340615248366
-0.6212812082438364
-1.3390631074838333
-0.26007002436363647
-0.48199582175234323
-1.18908830458112
-0.07537668383029927
-1.02979502659868
-1.3260203369929533
-0.1520954896557356
-1.16900314298323
-1.3102833664756965
-1.3361468835250334
-0.17771281628436597
-0.12669192764872117
-0.21057271030732605
-1.0826338461698868
-1.3288747063069097
-1.34844073185484
-0.91281143203398
0.06757959615210074
0.04185567263274537
0.20000368649966005
-0.2828959943129432
0.035212261990035354
0.07839840024615763
-0.05954814972687128
0.11435427964526934
-0.08227383990602422
-0.04652558716163069
0.178449653003101
0.015938005278068323
0.21826181807855072
0.10539023074592746
0.17791353768249563
0.08876643666172102
-0.05454867866314095
-0.6662246290789133
-0.15845240950388428
-1.3478365651360362
-1.3497718989474534
-1.3533744287524732
-1.35307893849946
-1.3379464689693203
-1.3444361781117697
-1.3365909334534165
-1.3493823047545765
-1.3309723873947132
-1.3552171410868499
-1.3407029534742834
-1.35208958532561
-1.3401860204279203
-1.3485454543036832
-1.2726850365904898
-1.32735740090546
-1.3493645806343033
-1.3492139539951666
-1.34233134888551
0.12130196729033527
-0.11434603335946869
0.09879183422154958
0.2316834382105908
-0.042775743928081256
-0.07521693008075303
0.11569078190781401
0.2342600765224474
0.10476485852587436
0.0678890363259178
0.1086021367029556
0.233902105451532
0.11986991733445473
0.08780087944315274
0.1396773093719087
0.2602697282359997
0.21859960919296706
-0.49616945124301326
-0.08938617930588022
-1.3146777025957066
-1.3460673127610465
-1.3380724797914998
-1.2725069367281896
-1.11838374132484
-1.3511071456630535
-1.3441993107968533
-1.3322348076472599
-0.42301836665484327
-0.11348467603537571
-1.3427865070095835
-1.3290664017744431
-1.3430739215813365
-1.347184698763897
-0.9945181246782664
-1.3089236081415132
0.04436011690659203
-1.35915652560544
-1.3468321383868234
-0.5069843991310032
-1.3361323147888866
-0.4080099770709833
-0.6096960977841099
-0.6768103510125931
-0.5520276425222566
-0.7231297080156465
-0.5872152338708234
-0.5168653354561732
-0.7723629910704499
0.046273409432114665
-1.2610400554835666
-0.6539367002639633
-0.4679961245631832
-0.1003639399731403
0.035393676095035964
-0.46003649295297344
-1.3547279918343165
-0.59994148571113
-0.7076270141113901
-1.3395167901886533
-1.1340425269989798
-1.1400645155674967
-1.3108078076343603
-1.27781845897033
-0.7223642751321633
-0.5502830558225
-0.23864425454004046
-0.5517085608924399
-1.2415445579431834
-0.8096885794981998
-0.25894626383070984
-0.134449050028843
-0.4726653940996899
-0.6691340858613701
-0.4837927482318134
-1.3513951014775465
-1.1357837269790165
-0.5926602849332598
-1.0880740069979769
-1.29588535486117
-0.46680202507488655
-0.9405290846318632
-0.41977236731586665
-0.19966895155226727
-0.6904558328962234
-0.2729056337966165
-0.4541282262217232
-0.32543984960022976
-0.23100206259642797
-1.1506086687965598
-0.20212612975348898
0.02097868212194509
-0.1228403690734835
-1.0039155450817734
-1.3519549630600567
-0.4836525771514266
-1.2318658047617133
-1.3518560812618432
-1.3469759292936532
-1.3304423676197197
-1.3175699715310598
-1.2883364229216396
-1.3188182925914065
-1.2026154239476234
-0.34076439812916326
-0.95059699205856
-1.3480131838565632
-1.2749480414257799
-0.5817213591031967
-0.7647514358290632
-0.88967004374392
-1.0186448658936333
-1.2981103892665669
-1.334196710729683
-1.2435017742109369
-0.16402075044737696
-0.46763330918977
-1.0442811445929132
-0.9543351531384501
-0.8258010511394733
-0.15993387519327795
-0.597991383915023
-0.4967049436015165
-0.40281116694897334
-0.93354207489738
0.026232086588416692
-0.7363072595364402
-0.2554302700194333
0.022298825734478278
-0.18194187582302035
-0.06841554540796169
-0.5902256242841533
-1.0629689991901932
-0.8395566610986434
-0.07552813592579621
-0.05600678122593672
-0.41496603392079656
-0.3906520141014198
-0.008226984704955531
-0.17092750759516695
0.046568083326071985
-0.1630601006128506
0.1008371829027036
-0.11192793336185136
-0.12812454993331723
0.026908768103643066
-0.4498702737279867
0.12123268488880568
0.21791415122420144
-0.11187669314070092
-0.21339088157159325
-0.03436858557324962
-0.22745069250165995
-1.35962542340675
-1.3602061331927398
-1.3602062861338395
-1.3514868779117166
-1.0545728219766468
-1.3247646575078735
-1.3361447903589099
-1.3463871933675264
-1.3447133916488867
-1.3465142488201836
-1.3314109443273199
-1.360216405636593
-1.3602059167830367
-1.3294462777152032
-0.8525608067180135
-1.2006907311881998
-1.34266581842938
-1.3602047870532998
-1.2491989978847764
-1.180812536399123
-1.3546395536005131
-1.3547599513420931
-1.3527975196994602
-1.3583638703576901
-1.34688008775654
-1.3470551778039401
-1.348426889833433
-1.1769395090829464
-1.3527830133374903
-1.3518926750480396
-1.3483179365725637
-0.10738881972617831
-1.25944606908284
-1.2250956455252302
-1.3476651300417903
-1.3563121353414336
-1.4014121653312768
-1.3532933803274436
-0.4424192943763501
-1.0039996077029196
-0.41035776518121003
-0.03960122978133562
-0.5497227207065531
-0.1488455063316083
-0.7146681796579966
-0.15494356424623057
-0.3849079743527066
-1.29839986791595
-0.8233664948274664
-0.6719787801658033
-0.2899539882203832
-0.14221302298822536
-0.0006157984392940463
-0.5004344014485367
-1.16532995730112
-0.9195787216288231
0.08110972129948735
-1.3432004371178068
-1.3621103375406398
-1.362131324828883
-1.3611738993927633
-1.2051022980234867
-1.3383147098262964
-1.3492959488840266
-1.3490536615667827
-1.3311803788579866
-1.3504916543266732
-1.3479061422194065
-1.3486996711628794
-1.36198848310582
-1.3492392842276169
-1.32143706123644
-1.2736795006642163
-1.3160715521466835
-1.3484605083139667
-1.338110430663637
-1.34146367072377
-1.3606948770205998
-1.3558343133854334
-1.3551234779975063
-1.3506885009708403
-1.3499760853375
-1.3359351558108803
-1.3426002759623068
-1.1375106350490467
-1.3282716779704464
-1.354846960388127
-1.368750143848323
-1.3542224224634434
-1.0301115293950034
-1.3045675625596664
-1.368757132252457
-1.353789221029733
-0.89569255222037
-1.3413995996405932
-1.3503038224643
-1.3529081259904001
-1.3696970560883601
-1.3575978183368664
0.011333278282094739
-1.3564686488102966
-1.3247305682623534
-0.9655863241974865
-1.3515308582965564
-0.7422480113848999
-1.3544430412400401
-1.3533444155223733
-1.3528458769289964
-1.3453505049247698
-1.3527641296957698
-1.3468820300402466
-1.3358162859129434
-0.5582052597699398
-0.42976685751551336
0.17784811388624944
-0.16340495645684328
-0.0021195773511183402
0.09046048191869893
-0.14183649564469025
-0.09061995122222599
0.0035359164814486865
-0.049166766815909035
0.18262057937796905
0.03423224874790831
0.09750392947177133
0.14150742717802567
-0.5457713178543866
0.26290940830122833
0.0662442696179738
0.10945236666946812
0.03840185428040377
-0.48457494458574657
-0.11963010591380774
-0.6492035177762965
-1.34704382431288
-1.3561722821874338
-1.1008634799514934
-1.3712986696670297
-1.33780265725645
-1.3365024500653369
-1.2825184840311898
-1.0538159534624596
-1.2755939892430836
-1.3109612628040397
-1.37144513573437
-0.517405158201
0.08195304681004068
-0.7334150115372664
-1.1274144118672433
-1.3230317696440101
-1.3713829289942896
-1.3534285874512468
-1.34740137057929
-1.3579748383061498
-1.3762991331134167
-1.3537783880785668
-1.3574462191907535
-1.35812788755966
-1.3528973851346469
-1.3531889900780332
-1.3505766951103797
-1.353551708501763
-1.3552507857564704
-1.3762912971162367
-1.3590969809740465
-1.3578804271959433
-1.3349938610972365
-1.3573296202621465
-1.3350756494795433
-1.3538062975227936
-1.3551297950456265
-0.4212012900815434
-0.09036616924151364
-1.2438327848037831
-0.0886583945864402
-1.3485907303948195
-0.10060853056575991
0.07401179576696171
-0.09558374574925921
0.2298754966356844
0.07425618311969373
-0.18666297611346894
-1.0848677918032168
-0.09080943881583803
-0.003243784332196964
-0.3467977045781232
-0.12081563947473983
0.022971549980143613
-0.4796060095192132
0.12657428293204043
0.006551254483969315
-0.4936074072963099
-1.3490781750688767
-0.6310383973424534
-0.9129257916965468
-0.7397869406195265
-1.33511250070922
-0.18604467275475167
-0.39425107728613673
-0.10024398627599496
-0.007778146013930787
-0.47734572912345996
-1.3557460273860902
-0.32814739442786656
-0.7438668889100664
-0.35317758439447333
-0.29977632066928317
-1.3716743734529397
-0.8892954633824999
-1.2790271836612268
-1.3497788668549169
-1.3492163394085366
-1.284714179546167
-1.3488844737931367
-1.2313586128351433
-1.3502314966215168
-0.4410115751383932
-1.3676730519277602
-1.3523170322183868
-0.4481742154836501
-1.3676945907116869
-0.7313830371486931
-0.7430641693794533
-0.2983923680617966
-1.3618559573029332
-1.347129797405977
-1.3349980895651634
-1.3455980735327637
-1.3490714025953134
-1.3582519189916735
-1.3563269659227664
-1.35644369333603
-1.3455330599868298
-1.3724914953482767
-1.3501623201148298
-1.228839441733803
-1.3435763094070166
-1.0169417020542066
-1.35172710322809
-1.37316097553204
-1.3724564867803033
-1.3473194440108531
-1.353457677140633
-1.3563725997642329
-1.0003625507336065
-1.3732620999064635
-1.373080858621727
0.1281645030431836
0.08676143440084394
0.13554415753007765
0.07713355513751508
-0.09913185824396153
-0.04927266982158918
-0.006804426036525313
0.027094911409562994
0.22989890976383032
0.235113573042956
0.15960909737029294
-0.2203921608722279
0.12309600026299305
0.234984291646544
0.17014531769873975
0.14151543191616445
0.20904573845641738
-1.354227402907593
-0.058319275091013645
0.07149587617899933
-0.14125208949736623
-0.38118515845670653
-0.24674621839053335
-0.30875638912008685
-0.3712579742684634
-0.5625150632808298
-0.32047089185232003
-0.15004510976638963
-0.36672971900606677
-0.47763459914366346
-1.0249735891385532
-0.5411957660290467
-0.2663769460588499
0.06948085229807
-0.25948887211091676
-0.21308684974552716
-0.20672714096851097
-0.3634716554171533
-0.27227227504801
-0.49468518888223323
-1.3508584111934967
-1.0203543454249433
-0.6393337610689933
-1.3414606830824902
-1.1126036755238233
0.007296871029955354
-0.5011222608061632
-0.16973909449799207
-0.35644104055466985
-0.6243693103455199
-1.0519203045290968
-0.6521492996376799
-0.19397006594248667
-0.21537072107623367
-0.43112984331635995
-1.2904343581314266
-1.2940497267086766
-1.32789054879584
-1.3556491340871566
-1.3085473596527901
-0.7554366608118632
-1.356799321282303
-1.32254933717797
-0.4492448478744999
-1.3571759781831
-0.22902616311873492
-0.34111731643059984
-0.4977430546587567
-0.6781685221168166
-1.3536960583053235
-0.24946626138515993
-1.1387203393930934
-1.2526629316867335
-1.32463131932689
-1.3518896432473402
-1.3024642946464597
0.13524771590594398
0.03714507405507905
0.05414189898826283
0.2034585904750147
0.10448506283394943
0.10299582263708074
0.11409089763420643
0.015044639985128394
0.23707624817950967
0.048416020122166614
0.17768391433139008
0.1033427561155631
0.17357872479613878
0.19937002898502965
0.17450962793298574
0.15470623113181403
0.0908833177640247
-0.07175018368267505
0.019299268335514763
-0.7479685432261567
-1.3485797738813834
0.1756779699841764
-1.3454102054418935
-0.46975669877714
-0.6460997592742865
-1.3532622158448797
-0.30142403065453993
-1.1925587231148465
-1.3508777781966268
-0.2056137747258573
-0.9749967652649933
-0.37141345790459646
-0.8137193960030966
-0.4346169232383199
-0.3181828222040701
-1.3087645245281
-1.3689286872676734
-1.0609565263559164
-1.3661569384445733
-1.3659987989495028
-1.3660905560612733
-0.8919468816510301
-1.3660216119183701
-1.3661074927058467
-1.3425375387357934
-1.3661875121129237
0.005599908077030036
-1.3660399451595602
-1.366169920368573
-1.3456134651102798
-1.3661582999969335
-1.1340008480309833
-1.3660988740199431
-1.3660856920287197
-1.3659872349635735
-1.3660232281008864
-1.3661881127510567
-0.7910366259575168
-0.7932901397442835
-0.7864686936688365
-0.7829291299530967
-0.7939811604414333
-0.7955025627069832
-0.7958300303636834
-0.793857016167623
0.2250777566404144
-0.7906777904320901
-0.7828067920725399
-0.7902003789435901
0.1934403770615326
-0.7879584850983499
-0.7873244831290966
-0.7919071462748333
-0.7862161402094967
-0.7933855565688501
-0.7943695819023633
