-1.3614002740444198
-1.3613654718317934
-1.3613964115233363
-1.3612824424295469
-1.3612843504516565
-1.36132612734874
-1.361389029717413
-1.3613973633694498
-1.3613905112840903
-1.3612895222882164
-1.3613215381403667
-1.3613805169640498
-1.3613476045938735
-1.3614048301667832
-1.3613804045916562
-1.3614042861046567
-1.3613292398763832
-1.3613307436803903
-1.3613498565823434
0.15581554339972603
-0.11576977633284802
-0.31930295247734675
-0.06090108112547021
-0.15554738734617557
-0.04808551543706052
-0.15845240950388428
-0.17186286477098422
0.10006011971756612
-0.03995916657094156
-0.3092205091724234
-0.04050789353521733
0.08681284026917835
0.04288868794604872
-0.04338534908811764
-0.15367398992654635
0.13237528992021896
-0.5872784935252069
-0.4865517682531866
-1.3395167901886533
-1.3422066787971834
-1.3563419699298898
-1.3757528055380637
-1.3555889773031065
-1.34885194879622
-1.3759968645894234
-0.1385976210447163
-1.3758235579670033
-1.3537100476681432
-1.3533135471031068
-1.3591398606626433
-1.3736542200738566
-1.3759946076666334
-1.3624544180356666
-1.3578160712964165
-1.3523504057725897
-1.3760595636718334
-1.3762378563923732
-1.3509047719353764
-1.3640048870861867
-1.3497718989474534
-1.3510422055032465
-1.35518017345745
-1.3642980099258968
-1.3623320320852104
-1.3643146515587534
-1.3642449176223002
-1.3643030141124632
-1.3642595530278068
-1.3642213306861
-1.3642246279617298
-1.3566451936344799
-1.3420615672364833
-1.3642659623329298
-1.3616945449894766
-1.3641734722842735
-1.3642853187240402
-1.3510505090410998
-1.3587183707373365
-1.3461150851836132
-1.3593011912757835
-1.3054059557805435
-1.3567186614140399
-1.35909215157863
-1.3574993457023767
-1.3578907859316867
-1.3596722243584702
-1.3515955569962568
-1.393493055261477
-1.3565428864428366
-1.3570938276001665
-1.3487989995879799
-1.3589419036845634
-1.3577699690737934
-1.3735185661525469
-1.3584410607133166
-0.08367901079093965
-0.9901688371218631
-0.2363466873504898
-0.011761183926069507
-0.2838367542603766
-0.3112904169938966
-0.09053952484156902
-0.07974280578884263
0.19081175368747605
-0.11522053480394556
-0.5063261088211399
-0.021804860560928674
-0.3590723714784567
-0.22945404337551456
-0.032884013118600675
-0.049166766815909035
0.04238934532694205
-1.3265358699039633
-0.040270980247928634
-1.29839986791595
-1.3319541190036337
-1.3349938610972365
-1.3538783637578065
-0.378491860859
-1.338475185689373
-1.1843455989499365
-1.3168405225807702
-1.3490765219288199
-1.35707560242564
-1.01180101607813
-1.18389956468127
-1.3041424440469966
-1.3378462473974868
0.04136020213483038
-1.3069342794021734
-0.3828674785892199
-1.3570868086644334
-1.3462241777899036
-0.8392190165471567
-1.3454820541533938
-1.3432739566299636
-1.3483982356502167
-0.7517888687989165
-1.3418717124966566
-1.3381240748533032
-0.6746473477865067
-1.0601068497707267
-1.2994605174011133
-1.3490536615667827
-0.7099262156683566
-1.34871495162698
-1.3151931505437302
-1.2086203534867697
-0.2302512454503456
-1.0547844462672067
-1.3551135543571697
-0.8261185065963366
-1.3468316498449968
-1.3262311304708532
-1.3547969705463565
-1.3537819712973969
-1.3514554419749634
-1.3438032113717537
-1.3417159227447963
-0.9176446289155666
-1.35553153862987
-1.3596990509231435
-1.348298429970363
-1.3592093485405803
-1.3519559338591969
-1.3443811689694765
-1.33814914240727
-1.3497890291494135
-1.34977303886645
-1.3586969581027701
-1.353204223790247
-1.3547297343364897
-1.3565593418823503
-1.3684419339628833
-1.3582399121429334
-1.3507554302823528
-1.3588127005422703
-1.356849616083863
-1.3543110922999166
-1.354749065310683
-1.35957583342219
-1.0569945785167834
-1.3592916194796767
-1.3521542395298232
-1.3525949567143596
-1.3540392261154097
-1.3558696422248802
-1.3568609809403935
-1.37661704026787
-1.3308644461575798
-1.3549960315485898
-1.3280003598758134
-1.35613063282061
-1.3571705802733036
-0.2230102090607684
-1.35749431225016
-1.3463871933675264
-1.3592311378746698
-1.3563725997642329
-1.3509110940149833
-1.3542559430271468
-1.3505091737211137
-1.3580438905567198
-1.3570005130827498
-1.3553855975506268
-1.3439834607108034
-1.3559484053180966
-1.3540071546762933
-1.3549144933053534
-0.5080018353799867
-0.8789998561368864
-1.0341086283227134
-0.6575710075446801
-1.3361468835250334
-0.5340891630331601
-1.35264944004967
-0.5355888679044565
-1.2532408363305634
-1.3521987783110268
-0.08191381667751152
-1.3523832467046901
-0.6427043154140331
-0.5123279484137166
0.04864599019449989
-0.4652727246763335
-1.3496038199336633
-1.3678308767693195
-1.3395228214420465
-0.3538651636211301
-0.8456972976108166
-1.35659290516577
-1.3548641658859366
-1.3486273803892734
-1.15508861257225
-1.3544450182135535
-0.17092750759516695
-1.3495316426138833
-0.43581871900297986
-1.3415095913649764
-1.3418011149876667
-1.3338526426342
-0.5820717179308568
-1.3428965812784996
-0.9699175775066797
-0.55140850343732
-1.37678777413227
-1.353192844350143
-0.25948887211091676
-0.8408625097528966
-1.3564335511490202
-1.3566649961292132
-1.35394929869469
-1.34844073185484
-1.3566901012020098
-1.3140297435304666
-1.35627600814043
-1.334196710729683
-1.3561977022340868
-1.3538789039591035
-1.3563606561107968
-1.3565522608323435
-1.3846436370109432
-0.04238384672540263
-1.1597320454251034
-1.3849190863558332
-1.3539400060637399
-1.3479901755872565
-1.3612460943251863
-1.3612654865210367
-1.0039996077029196
-1.3487836562959332
-1.354949603142383
-1.3483390087319633
-1.3612718957216265
-1.3404679992046433
-1.3237105416905068
-1.3433487441731367
-1.3603445187354661
-1.3612778574749567
-1.3608382006031063
-1.2749480414257799
-1.33448850904252
-1.0538159534624596
-1.3549500951048232
-0.9014567008562666
-1.2302804288498832
-1.3575809121582068
-0.37702380301277016
-1.1893579380797634
-1.2005121774511165
-1.2665702089776998
-1.3518096947167129
-1.3410236388733634
-1.3448229006640933
-1.3460812038067869
-1.3351040411473298
-1.3495038471054097
-1.338339079027853
-1.3477022253761102
-1.2881051876382066
-1.3507811478058902
-1.3442141898657396
-1.3580090070925102
-1.3406374862337298
0.14885596852081606
-0.6811365811248999
-0.6506857421196832
-1.3475363344428666
-1.30530512512316
-1.3485473049766266
-1.35090189284269
-0.6872852316012832
-1.2940497267086766
-1.3636493870646467
-0.62233035275052
-0.3611948839560901
-1.1325012279147166
-0.6503526171752301
0.08847755355861509
-0.5111265721121232
-0.8610776011232766
-1.3515622949481334
-1.3409684179884467
-1.3313134845845997
-1.3403858195997933
-1.353334717119833
-1.3116139142236865
-1.3508584111934967
-1.3582035710674165
-1.3407995654347267
-1.355733824866593
-1.3350756494795433
-1.36649915433039
-1.36652467962973
-1.3476242456502532
-1.36652079384892
-1.347512032943583
-1.3245710892496199
-1.3637061687589798
-1.35945853437351
-1.3527027167422934
-1.3427865070095835
-1.3350826811651602
-1.3526045060656129
-1.3560287822405832
-1.3470106721709967
-1.354427349419837
-1.329338037995233
-1.3563967520812499
-1.3467998754483004
-1.3530951647070397
-1.3511493431259738
-1.0038954962428333
-1.357003726303073
-1.32865074022259
-0.47517567237058
-0.9575650659522834
-1.3484605083139667
-1.3511732200673268
-1.35811464798299
-1.3552171410868499
-1.3435637823761732
-1.3471228334305434
-1.36907909561153
-1.3701599773173467
-1.3701286758093834
-1.3555697414523533
-1.3141172387128597
-1.3700228898705369
-1.28739758486305
-1.3463674582084804
-1.3691692783274432
-1.3555073305272933
-1.35097206399487
-1.3534285874512468
-1.341221463723
-1.3550753855143465
-1.3154960369876898
-1.3557547666925402
-1.3054142625844465
-1.3455207945209233
-1.34850515896325
-1.3685422252998767
-1.3686078646472835
-1.3548618361705667
-1.3600131569661134
-1.3410102425170933
-1.3541776657671263
-1.1837195194748569
-1.3463827566899167
-1.3549146107358068
-1.3542528789409736
-1.3685389843018796
-1.3538603303538896
-1.35529133197393
-1.3552829764656034
-1.33984333362308
-1.1575027638994333
-0.6871643522309165
-1.3544691513826437
-1.3581067856987432
-1.3569442895481765
-1.3571024838501264
-1.3551781146914768
-1.3436016429069935
-1.3488344112794297
-1.3542103973827433
-1.3513026064914597
-1.3514312280991168
-1.3560570466791964
-1.3625720886058263
-1.3524650476915303
-0.39211037022191664
-1.3523234697599436
-1.35650977402612
-1.3555599216303698
-1.3466467520375436
-1.3527006149550767
-1.3544430412400401
-1.3561754822253733
-1.3561835455895332
-1.3518482213273435
-1.3569057645999139
-1.354007672277453
-1.349807774812827
-1.354742891516143
-1.2994585017123534
-1.34956514074179
-1.3530355266261598
-1.3507039989661602
-1.35857547287265
-1.34378001838477
-1.3474304739938332
-1.3462829430788932
-1.3539226786798366
-1.3549455862343036
-1.34919383055674
0.024897281992702358
-0.42767605598713
-1.3593129402190534
-1.3449174089452631
-1.1125069794153502
-0.4272176425172567
-0.7815905889271801
-0.9514468389527799
-1.2289014407631234
-1.1506086687965598
-0.7828067920725399
-0.4585295497430133
-1.3485907130173098
-1.2592703435884105
-0.93354207489738
0.1763377215561257
-0.49454920296263327
-1.3016002260402635
-0.46975669877714
-0.04858248607316262
-0.28483717174560996
-0.9688769093709597
-0.6869678539572066
-0.24037566636839336
-0.50000131451778
-0.4250994864191633
-0.5534372758913966
0.004393175352504941
-0.08470537453706195
-0.3676538184972733
-1.3162311241360336
-0.31761348934756994
-0.5613498004283668
-0.19799328112658576
-0.13341431761905864
0.15122349475373242
-1.2400229590007532
-0.27540670884045504
-1.2775595212132198
-1.3303059707001035
-1.2873636960381036
-1.010157269362413
-1.3422388627867532
-1.0390655861790934
-0.43773639945227316
-0.68902800962186
-0.5520276425222566
-0.9945181246782664
-1.220372016976877
-0.7273006083830531
-1.08968979225085
-0.10736321271511062
-0.40817794673548646
-0.5498448081396201
-0.7800150232694365
-1.0631336223772099
-1.3303871568899832
0.02519602842547164
-0.07690454260708768
0.1281645030431836
0.11069761452792048
-0.08768076761489996
0.19451322067704802
0.11962516645033672
-0.1198187337197204
0.22035658154370708
0.019299268335514763
-0.12081563947473983
0.24045744532018898
-0.0711929146777992
0.16508425455881504
0.06736742962666276
-0.009882456055429256
-0.12886185380777226
-0.4259056973192701
-0.05648817273451934
-1.3506885009708403
-1.3550662321251266
-1.3566717188434732
-1.35487526364359
-0.36561015553207343
-1.3496528714489435
-1.3187576386249402
-1.3313531339535065
-1.3481506674241168
-0.9834936949932731
-1.34915987864975
-1.350762368575983
-1.3514053280889535
-1.3524189185156699
-1.3399936449954697
-1.3432004371178068
-1.3489990734374264
-1.3455831115948933
-1.3448626175535234
-1.3538791712148535
-1.3507646891565668
-1.3467304338047965
-1.3542079486181735
-1.3489914249370303
-1.3543230412917295
-1.3418441594421604
-1.3454320671381734
-1.3417635690231662
-1.3746728217244
-1.3501623201148298
-1.3418407729088364
-1.3476137143257065
-1.3433675716614233
-1.3409273380022166
-1.3331576513616104
-1.313736560012067
-1.3746580945287166
-1.3370147582544596
-0.7751966396341532
-0.3379947567834798
-0.06596383411284323
-0.12764750876832365
-0.10491737084972963
-0.33612479710183973
-0.97856833523762
-0.1841140684352197
-0.6126676096794901
-0.8148021202117002
-0.24977304524736677
-0.9783021328057633
-0.35644104055466985
-0.14966579882271835
-0.054618668108571966
-0.6736305945060932
-0.3597549930214001
-0.8340400549966667
-0.14098298506282125
-0.5094298150628431
-1.3203105887837632
-0.20155128660754296
-0.4080099770709833
-0.99665251333485
-0.04238463466291431
-0.8445822508966332
-1.26042900076532
-0.10159367937651564
-0.9850675016589199
-1.1929040149214503
-1.3063400221309331
-0.09586783345336025
-0.08228295037773004
-0.09442843236765197
-0.91241082665491
-1.2704840965919102
-1.3434485698168865
-0.7212911819418564
-1.3487860461157797
-1.3506234812206466
-1.3538349427146499
-1.353408045970823
-1.3407779550930932
-1.3459749544844963
-1.33916135253253
-1.3505171892939836
-1.3360122303283934
-1.3554923818612399
-1.3435283912020033
-1.352585209651997
-1.3423847035384235
-1.3494953517025263
-1.3028909373076032
-1.3333146751257137
-1.3504651629172302
-1.350214194035897
-1.3477161673147533
-1.285925570944507
-1.3431414782304198
-1.33231608287995
-1.2124332201126302
-1.0322845974458668
-1.3497739423915003
-1.3399502577480034
-1.3209913361034298
-0.39475322940364976
-0.08992311211361503
-1.3388315303533735
-1.3131107361586265
-1.33875243280773
-1.3447135734612834
-0.9350679548163365
-1.2736795006642163
0.0908833177640247
-1.3587916536707003
-1.3441856083327801
-0.5215960557784767
-1.3349301639500664
-0.42086791153342995
-0.6269885020461368
-0.6985734129710266
-0.6244018824272333
-0.74897017282856
-0.6044874871095933
-0.5311493801728799
-0.7847005379679102
0.05841548072148328
-1.2641262756907734
-0.6781685221168166
-0.48381995585533333
-0.08958380863246929
0.04942827992914134
-0.4837927482318134
-1.3542800634084133
-0.6228700710379398
-0.6850415188818031
-1.3364199099575464
-1.0788302983126732
-1.0809125875191734
-1.2885732168840565
-1.2433151259781199
-0.6904432113726502
-0.5369399792938301
-0.231421830274388
-0.5385030282632866
-1.1978027720391398
-0.7589467587955268
-0.24429148869353434
-0.1112932054880903
-0.4621081257305666
-0.6519790170219968
-0.47484030187050674
-1.35027657987359
-1.0808052784509166
-0.6308321983210166
-1.1178829808672932
-1.3022375009209304
-0.5508059051413301
-0.9820432899665235
-0.4492448478744999
-0.2097413124710732
-0.7391293554662235
-0.30379659035731654
-0.5690538864307202
-0.35770005976927677
-0.24705198285340413
-1.191066558517493
-0.21454918994886873
0.03148697217480623
-0.12749494752592128
-1.0523805166392532
-1.3518805942862469
-0.5119303830999833
-1.2409893236929967
-1.3516067522902602
-1.3468595044127931
-1.3309189252492035
-1.3177880555356336
-1.2930673362811498
-1.3186148834760298
-1.2082874133857333
-0.3599046686960199
-0.9745662711206
-1.3479551400795935
-1.2760923726985536
-0.6739872780763498
-0.7969133627706431
-0.9357111679854933
-1.0395788906281032
-1.299322645276903
-1.3344617589018903
-1.2612386685012034
-0.15583542384515459
-0.4653634287745698
-1.0169417020542066
-0.9472134450354532
-0.80183776170792
-0.15327045621151392
-0.60749675243049
-0.50279647556479
-0.4045918352491198
-0.92791227923536
0.04069205253793706
-0.7363072595364402
-0.2963892328714868
0.042659064503347
-0.1796552606696059
-0.0577778688570626
-0.60343833775932
-1.0563786298277498
-0.8316906205380965
-1.3593721998887331
-1.35973003601094
-1.3597210132421602
-1.3510083739669598
-1.05823932397847
-1.3197281632011664
-1.3344007906927398
-1.34553001891457
-1.3437596759397001
-1.3454144530533934
-1.3301003253772565
-1.3597278967146704
-1.359711600645897
-1.3270601116803502
-0.8551771433859168
-1.1925587231148465
-1.3415771941521197
-1.3597129712806466
-1.2462103708586736
-1.1838216832954265
-1.3542948391207168
-1.3543660292273967
-1.3523170322183868
-1.3580522742378096
-1.34627634388562
-1.3463770978829204
-1.3481505231113466
-1.2051022980234867
-1.3523235560345497
-1.3514751894498067
-1.3479989017330767
-0.1172755645174326
-1.2408916685240734
-1.2241720350797998
-1.3472720531344597
-1.3559956378911733
-1.4014121653312768
-1.352803704498283
-0.47820828257054004
-1.0673342059439068
-0.4410761679659867
-0.04342332892428036
-0.5964401170235165
-0.15988424128426149
-0.7720811162606032
-0.15812981742439636
-0.42163955230019656
-1.3065995851041334
-0.88144463424801
-0.7319303886917135
-0.31951009615919346
-0.14909515952979768
-0.006200351078517574
-0.5450421404352432
-1.2047710637085232
-0.9730924580707532
0.0889143589316328
-1.34174501389169
-1.36145702757997
-1.3614717492384534
-1.3602722766788369
-1.1903466169455734
-1.3368207334359368
-1.34876820241479
-1.3484517817438535
-1.3277603941499065
-1.3498488699700064
-1.3470319455704969
-1.3482077864294864
-1.3614588254502569
-1.3486843067446297
-1.3209324503377435
-1.2701499076494298
-1.3089236081415132
-1.3478786540821632
-1.336494470633757
-1.34043423234818
-1.3600244734215
-1.3551946277059264
-1.354515727850257
-1.3500262885624532
-1.3492139539951666
-1.33450254417374
-1.34146367072377
-1.13055163613211
-1.3233965924795732
-1.35426364442979
-1.3682527110498066
-1.3536955851458834
-1.0175627666255502
-1.2970185953941598
-1.3682420584409565
-1.3531704026614233
-0.9010011060956769
-1.3404547999286405
-1.35094818746721
-1.3531487483187434
-1.3712041853164765
-1.3575641334085131
0.015699730116401134
-1.3566727149412636
-1.3304998552405132
-1.0361226948138034
-1.3520398852213402
-0.8196058620843765
-1.354632346266127
-1.35346958741686
-1.35294615451526
-1.3492989322734732
-1.3527754227678566
-1.3476682223862535
-1.3370029759174167
-0.62191884017243
-0.49689566648806327
-0.7313830371486931
-1.34821138945055
-1.3563891466416433
-1.1914729489585267
-1.3724914953482767
-1.3406643726529164
-1.3393445117409732
-1.3108078076343603
-1.1521875837981599
-1.3076487397573198
-1.3262927341367865
-1.3724564867803033
-0.5903466670673836
0.06438835035028612
-0.8441960221758766
-1.21309055585114
-1.3312450432469132
-1.3724983334938865
-1.3537700832527633
-1.3462867930252433
-1.3575978183368664
-1.3762912971162367
-1.3531975890896901
-1.35713083358181
-1.3578595153056034
-1.3523757077043301
-1.3528525277786398
-1.3500529815135498
-1.3528782948557097
-1.3547599513420931
-1.3762739901052403
-1.358928079853626
-1.35754730830095
-1.3319939889560763
-1.3570281753115503
-1.3328106916125635
-1.3532042279463967
-1.35462820349042
-0.6027634686000967
-0.1587107563029676
-1.3365670763406299
-0.1452690361746365
-1.3520235630871698
-0.25469715416199334
0.07304074572096264
-0.15064450257360562
0.23060267242998267
0.04802555796620034
-0.4075243215465867
-1.3079170022342401
-0.15004510976638963
-0.0482817257456567
-0.5706037574704099
-0.19941867773261135
-0.006535228300308948
-0.6807503377129367
0.07929088529438799
-1.2726850365904898
-1.3489617978178567
-1.3485982077396401
-1.2761706806162265
-1.3482723299485402
-1.2130472595959265
-1.3494781915617766
-0.44372324531356333
-1.36718819359529
-1.3515030886472563
-0.45450176202950665
-1.367211275662347
-0.7365292165200297
-0.7429262053732602
-0.3103199241480532
-1.3612217142311134
-1.3459282008874363
-1.3314460080918864
-1.3445434679589998
-1.3516919576037933
-1.3581328598713935
-1.3562659104375867
-1.3564517909794662
-1.34563776860176
-1.372509698180913
-1.350397716300923
-1.25732860863168
-1.3439576049545834
-1.0666043997555599
-1.351674356324163
-1.3736430975624665
-1.3724244203393967
-1.3476756938593435
-1.3533250869742601
-1.3563269659227664
-1.0579202019058167
-1.3736279467586363
-1.37353026563749
-0.2632195621811497
-1.3174018401220233
-0.7965625962407967
-0.38708296066723324
-1.05081354644226
-1.3298324034378863
-0.76167866130939
-0.26007002436363647
-0.2300490378446176
-0.4480035699859857
-1.0432994677817364
-0.08996028409419266
-0.2450967626984597
-0.013598587489809688
-0.30790888889913326
-0.5330617288046133
-0.15971595992482435
-1.3087456521505199
-1.2409979016032229
-0.1316396109968112
-0.46375891221757315
0.13588384981076906
-1.331141415210857
0.02908540287862038
-0.27227227504801
-0.88144463424801
-0.04520135774588818
-0.47763459914366346
-0.49732642908032987
-0.0484654692845673
-0.6175293740879164
-0.06888051074135326
-0.22890323056039863
-0.03568572195076569
-0.14972411151072063
-0.6626500244322033
-1.3527489676376865
-0.7479685432261567
-0.38211698133456995
-0.6770119412083699
-1.35289662837893
-1.1767045825051399
-0.87132884202091
-1.34714643123217
-1.288025925212073
-0.023913312588731972
-0.6736085642183267
-0.24242394634529574
-0.5073003176815167
-0.8203989852868931
-1.258739348468663
-0.8767211826173764
-0.4545466452591833
-0.3732615030556332
-0.5589649844378799
-1.3327189087161533
-1.3336337780444434
-1.3385758754885635
-1.3563941562838133
-1.333754090447917
-0.9620150266696432
-1.3574347052929103
-1.33657059861476
-0.5677123974678633
-1.357666735135783
-0.4103934923936665
-0.4330046934897067
-0.6241051140870966
-0.8732931240032735
-1.354881363982087
-0.38818270244235986
-1.2842627648108467
-1.3176468947778064
-1.3377041574595632
-1.35318201234626
-1.3312646436157496
-1.3668250747668234
-1.3666664458847801
-1.3665801601958196
-0.9975209576742465
-1.366529589692957
-1.3665853284311202
-1.3444247187599903
-1.3666742815092534
-0.008765369797881561
-1.3665382239984099
-1.3668948655632769
-1.34688008775654
-1.3669173077780798
-1.215830102954233
-1.3665517272034502
-1.366677334868553
-1.3666613933532132
-1.3665271546361302
-1.36689233736826
