-1.3614929221082734
-1.36148129880794
-1.36148129880794
-1.36148129880794
-1.36148129880794
-1.36148129880794
-1.36148129880794
-1.3614929221082734
-1.36148129880794
-1.36148129880794
-1.36148129880794
-1.36148129880794
-1.36148129880794
-1.3614929221082734
-1.36148129880794
-1.3614929221082734
-1.36148129880794
-1.36148129880794
-1.36148129880794
0.14060702962875038
-0.10140872265563095
-0.33242668055740987
-0.05336174320293863
-0.16270193668620492
-0.06042131278232066
-0.1372497218003802
-0.16715984724282695
0.07497841083413981
-0.04808551543706052
-0.26477390508203236
-0.09061995122222599
0.07031641847115344
0.04861682675090728
-0.06841506671760278
-0.180957273093596
0.12523670073072468
-0.6302141303886566
-0.49454920296263327
-1.3450182168911233
-1.3451353745207801
-1.3570046435314036
-1.37904522848743
-1.3563967520812499
-1.3508660259890095
-1.3790792822620164
-0.16323620251521254
-1.37904522848743
-1.3550833627307863
-1.3543991084608167
-1.3593689566670535
-1.3752113681525397
-1.3790792822620164
-1.3637324435125064
-1.3582171243473495
-1.353458517575043
-1.3790792822620164
-1.3790792822620164
-1.3520829187387498
-1.3659872349635735
-1.3514904372815302
-1.3522001261501502
-1.3560570466791964
-1.3665271546361302
-1.3632823580766202
-1.3665271546361302
-1.3665271546361302
-1.3665271546361302
-1.3665271546361302
-1.36652467962973
-1.36652467962973
-1.35715646817225
-1.345789955357323
-1.3665271546361302
-1.3625778454763067
-1.36652467962973
-1.3665271546361302
-0.24541092992274005
-0.3021968569845901
-0.13236062263146697
0.027408597550115377
-0.5590659783864
-0.05948349545975162
-1.3262695053299365
-0.2235287499916334
-0.38855577006531017
-0.8323309871283635
0.04654041356287364
-1.2393364414448436
0.030267597644919486
-0.28392900863376336
0.10886880815822242
-0.2945861796553133
-0.6739872780763498
-1.3454152728694768
-0.44183997166862343
-1.345789955357323
-1.3583289297659538
-1.348342769995647
-1.3592861212768734
-1.285925570944507
-1.3560055175981964
-1.3588048259009602
-1.3575309647899365
-1.3577696880860004
-1.3595520396283032
-1.3496930057934837
-1.3893381684733934
-1.3572377838958234
-1.3574743222678665
-1.3433487441731367
-1.3583466513692133
-1.3572377838958234
-1.3722338874549966
-1.3574462191907535
-0.23100206259642797
-1.3180579863836068
-0.3899702313637634
-0.14839270886032396
-0.4812770683852532
-0.6117328148085635
-0.17802511630207707
-0.18259685034619366
0.11552427917286634
-0.21222737685242543
-0.8610776011232766
-0.14145122307257696
-0.5517085608924399
-0.3599046686960199
-0.16452916393302897
-0.16462614213088678
-0.034110472829275706
-1.3470551778039401
-0.15554738734617557
-1.2950164547715066
-1.3304556465033932
-1.3317390667386166
-1.353458517575043
-0.38344310971399986
-1.3421344856247601
-1.2822543816474865
-1.2664067829005297
-1.3496038199336633
-1.3569057645999139
-1.11629450821417
-1.1608173294410766
-1.2922920153517263
-1.3343749707484602
0.032707462109297425
-1.2062990851623632
-0.4262461795434933
-1.3570492120410163
-1.3465332037908397
-0.7589467587955268
-1.3352752849685667
-1.3133844767411333
-1.3414008354231464
-0.4543183892136067
-1.3260357912762202
-1.3376117242905434
-0.4012380203981165
-0.8592534935225631
-1.18908830458112
-1.3454102054418935
-0.6096166291408833
-1.3436869541026337
-1.2790619784695232
-0.9935755390091401
-0.23648645416128122
-0.63206629517474
-1.3531819646596532
-0.5519338448346265
-1.3463049745298465
-1.2236128721542268
-1.3540230984224597
-1.35366379512248
-1.3508271427610237
-1.3294927295022334
-1.3451388392771366
-1.0695930010941632
-1.3547599513420931
-1.3595904714525768
-1.3429941459002697
-1.3589931690762
-1.3521844519088733
-1.3382011589352198
-1.3354028495076302
-1.3483650647213898
-1.3484083889481338
-1.35853724257763
-1.3526663940861563
-0.5923717058825233
-0.1045894524881783
-1.2698734664804867
-0.9914233179378
-0.05425586232900537
-1.3386458171912898
-0.23871529735285013
-0.021137077378637237
0.02803263486238139
-0.039667623063974644
-0.225118339381017
-0.1251629503733792
-0.7180394663527931
-0.20316307204112827
0.11347048735981957
-0.49689566648806327
-0.2414967976750868
-0.19730628691924001
-0.7438668889100664
-1.3493535610766636
-1.3525742297655534
-1.3625022983203499
-1.3563995178938635
-1.3424778329424867
-1.3570362637075069
-1.3528609513074703
-1.3502151052712397
-1.3497739423915003
-1.3583466513692133
-0.49454920296263327
-1.35796362185418
-1.3465332037908397
-1.337291243176693
-1.3488344112794297
-1.3515562389184668
-1.3534069343988802
-1.3690353596025764
-0.9980778378355601
-1.3549894229571269
-1.3292355626451635
-1.35600850904902
-1.3573144518908067
-0.30942339476000025
-1.3574680218714632
-1.3450911056617003
-1.3592480625545469
-1.3564154122840302
-1.35027657987359
-1.3542444549024233
-1.3497206866990332
-1.3580438905567198
-1.357003726303073
-1.35516572532875
-1.3449794135557203
-1.3559484053180966
-1.3539242615797868
-1.3548618361705667
-0.4519554871862834
-0.6716735162993401
-0.7289011074319303
-0.6037365778403867
-1.3180579863836068
-0.4782286323020033
-1.35123343159573
-0.4118721809099799
-1.0979601094315201
-1.3499898612714598
-0.05139377412057089
-1.3504994555266765
-0.5472807640910167
-0.41764664270490326
0.10552906051946664
-0.41761492045575666
-1.3457837929345535
-1.3663051122096932
-1.329338037995233
-0.20627213692332524
-0.6283327453149667
-1.35529133197393
-1.35289662837893
-1.34536109123813
-0.9988816793164101
-1.3527641296957698
-0.1883214073012297
-1.3465142488201836
-0.43048981233256
-1.3360122303283934
-1.3330045687212633
-1.2957192825414934
-0.30942339476000025
-1.3361468835250334
-0.7486443549907298
-0.4259056973192701
-1.3736430975624665
-1.3511049899490168
-0.2160695201821854
-0.5581210260900169
-1.35502237546283
-1.3552557256482767
-1.3519698457763267
-1.3418407729088364
-1.3556038498607133
-1.2281445100079997
-1.3547969705463565
-1.28739758486305
-1.3542517107291498
-1.3517332530731934
-1.3549500951048232
-1.3548378729767534
-1.3762991331134167
-0.011280172095594954
-0.8210388128394734
-1.3762991331134167
-1.3516919576037933
-1.3510821117811305
-1.3637061687589798
-1.3637061687589798
-1.2883364229216396
-1.3516919576037933
-1.3565593418823503
-1.3512656129991734
-1.3637061687589798
-1.3468981552091797
-1.3406751843012406
-1.3490714025953134
-1.3628854161646498
-1.3637061687589798
-1.3632931864447602
-1.3313986084823797
-1.3430480627421404
-1.284714179546167
-1.3564699672731733
-1.13396096671706
-1.1173503570153533
-1.3564774649945837
-0.1880349873948196
-1.0434442588489832
-1.0666043997555599
-0.9634114855399802
-1.3487904159947433
-1.3168405225807702
-1.3383147098262964
-1.3417999888444934
-1.2532931990242102
-1.347210476421043
-1.3287774556353935
-1.3350826811651602
-1.2632341429881397
-1.3474027141188931
-1.3338450928582364
-1.3571492430729966
-1.3144251075675828
0.08640363931548001
-0.7445735433677898
-0.7902003789435901
-1.3493986105673166
-1.3304271705300996
-1.350247649102097
-1.351938870958517
-0.7552864507868264
-1.3159604513143166
-1.3649988115967733
-0.64247507038196
-0.3369751331644366
-1.2722306452445533
-0.7293882173595898
0.08975814016932404
-0.5902256242841533
-1.0073539799553268
-1.3528513891256067
-1.3449794135557203
-1.3365024500653369
-1.3427378435084232
-1.3538491601895366
-1.3262695053299365
-1.3510982847980735
-1.35853724257763
-1.3433072632992
-1.3563231487684733
-1.3394140494053
-1.3672933621383834
-1.3672933621383834
-1.348827384537643
-1.3672933621383834
-1.348540948863667
-1.3343866427307334
-1.3641393521804135
-1.35959136533886
-1.3532309135499565
-1.3441273410665966
-1.1999591057105834
-1.3507969281424268
-1.354632346266127
-1.3443906010205366
-1.3524700787603634
-1.2540406858942736
-1.3549632451362768
-1.3411258038558933
-1.3516513533292365
-1.34885194879622
-1.01130090791135
-1.3561512906054802
-1.3156113805670766
-0.36564185320046994
-0.7534830251704598
-1.33880312256515
-1.348953366509107
-1.3573136242720034
-1.3536960583053235
-0.09992059738697867
-1.2310316759398736
-1.1755968724366666
-1.3567295535958501
0.11472043948784927
-1.0175627666255502
-1.0123479722965998
-1.0475502671950931
-0.7033625153220899
-1.3018003577959534
-0.5699763833948233
-1.34059303629124
-1.24620389329279
-1.29588535486117
-0.07690454260708768
-0.4574586158754901
-0.40811380466005676
-1.3509471468597432
-1.3407779550930932
-1.3452666052907634
-1.3487288671037967
-1.3701599773173467
-1.3712986696670297
-1.3712986696670297
-1.3561267641114836
-1.3237105416905068
-1.3712986696670297
-1.2968211909147431
-1.3476868061710499
-1.3702761681868063
-1.3558696422248802
-1.3517332530731934
-1.3539902172322233
-1.3415771941521197
-1.3556038498607133
-1.3283755346557231
-1.3562866106383469
-1.3236805211530198
-1.3498131034997836
-1.3519559338591969
-1.3724244203393967
-1.3724244203393967
-1.3565721545405665
-1.3625720886058263
-1.3476137143257065
-1.3562808435114602
-1.3016010230786033
-1.3502464764554234
-1.3565222000556099
-1.3560521919915636
-1.3724244203393967
-1.3558041305750868
-1.3568428202821265
-1.3567308647443332
-1.3479830415960965
-1.3168420248352768
-1.04022996926395
-1.3517394884048737
-1.3572163636258
-1.35562495857826
-1.3555332889612197
-1.3528448130716533
-1.33295054423473
-1.3435637823761732
-1.3532408084247503
-1.3489534439973832
-1.3480763045291932
-1.3540943848652636
-1.3600650844649067
-1.3486843067446297
-0.2010288961102189
-1.3486273803892734
-1.354725005176653
-1.354717001737717
-1.340538178787443
-1.3498223050200933
-1.3549894229571269
-1.35634701192265
-1.3563725997642329
-1.3519375432023533
-1.3571374873663
-1.354227402907593
-1.35025571286464
-1.3554641975288333
-1.2960737386572698
-1.3508238828781467
-1.3532622158448797
-1.3511409351841368
-1.3587031497973068
-1.34505537031901
-1.348342769995647
-1.3462500503455233
-1.3545158022094332
-1.3550833627307863
-1.3493726505545598
-0.03908678189567405
-0.5052867491792767
-1.3595709471888564
-1.3463049745298465
-1.14719074857829
-0.5098223499360965
-0.9056916765803533
-1.0105851320655235
-1.2701499076494298
-1.2789506915680868
-1.0434442588489832
-0.4386585776160399
-1.3499946424322133
-1.2757807194447368
-0.95059699205856
0.1756779699841764
-0.59994148571113
-1.3209355578753899
-0.6018319689966034
-0.10459990252081341
-0.5261941533950834
-1.3024111806220797
-1.0679824400674167
-0.48199582175234323
-0.8089935061006532
-0.6531737020167734
-0.8383362397846701
-0.07497781242696622
-0.23479765943078235
-0.5878756915098331
-1.3439834607108034
-0.46595215165234016
-0.9514468389527799
-0.3974362273504699
-0.26759377382598637
0.12237617960934932
-1.337291243176693
-0.4698683235219201
-0.91281143203398
-1.0790119673267966
-0.8854037527432335
-0.5581620296471999
-1.2782359373183203
-0.6585391214144634
-0.19777551152170236
-0.45783393540681994
-0.5528465500581701
-0.6723332764258032
-0.75928146282251
-0.3924125355783168
-0.6605436779546698
0.04942827992914134
-0.16227635199546164
-0.31008338914923983
-0.49311322835602
-0.5960916827348133
-1.0161192988804932
-0.3379947567834798
-0.5132853033663967
-0.09580423847795272
-0.5708644424482865
-0.4775472885826002
-0.13298549860690567
-0.4254169569018733
0.1645945739681074
-0.28678946175549336
-0.3668313673028598
0.02760145853358864
-0.4812770683852532
-0.05139377412057089
0.17440968594753437
-0.11024726786226857
-0.48108967215356
-0.7557735976778801
-0.9258105373609469
-0.4447029375173899
0.08718600297024726
-0.001871821585350375
0.16686767152204807
0.131810577499185
-0.013352010216237553
0.22957393737748444
0.1526290239057131
-0.03470951888557927
0.24010283220366369
0.05789551366146528
-0.034276626080638195
0.260512370806801
-0.01237384262465735
0.22173018421194102
0.09123251203574301
0.030267597644919486
-0.05954814972687128
-0.2880851052335667
0.019269781977143352
0.1297622245103044
-0.2733266848035425
0.17495473769307834
-0.2601182234935131
0.030812294295140652
0.07118539712677363
0.06912814016303426
0.19503285983441998
0.06182585583737377
-0.0708840321861336
0.17223706700411345
-0.07175018368267505
0.12292492941199973
0.12657428293204043
0.16491306966794106
0.1654751342331764
0.17542746347357296
-1.15508861257225
-0.08938617930588022
-1.35097206399487
-1.3546223266745065
-1.3562866106383469
-1.354717001737717
-0.4423846229573265
-1.3483179365725637
-1.32354567321905
-1.322616698524807
-1.34636458205807
-0.7778277636863999
-1.3487985841140735
-1.3488314839817033
-1.3496038199336633
-1.351345168164483
-1.3450356577014264
-1.3412104967554233
-1.3486342853556867
-1.34443248785582
-1.3449574462972897
0.09672910372384325
-0.2171553832893407
-0.20814154438184695
-0.003830662989963707
-0.11562500775178786
-0.2598929848627842
-0.023453048165510082
0.04488319886331793
0.12398719975669037
-0.009595105584927932
-0.22173189846205976
-0.14098298506282125
-0.15012937203802534
0.027775654683200757
0.07099985745889137
0.1183236526593564
0.10032169056199614
-1.0113813692621632
-0.20327693916187373
-1.3536698887822163
-1.3507893238432631
-1.3464613481111267
-1.3539226786798366
-1.3488844737931367
-1.35426364442979
-1.3393347788237295
-1.3445434679589998
-1.3433775945038628
-1.3742135173296597
-1.34980347065519
-1.34076989210006
-1.3469128317450432
-1.344184072255227
-1.3406751843012406
-1.3350777170780868
-1.2980911881922803
-1.3742135173296597
-1.3372246373214502
-0.10703949970702231
-0.69399764278267
-0.6755445066057897
-0.4657555361295367
-0.5344278115686267
-0.5572227863675396
-0.08495509020330871
-0.044903223042862206
-0.01156423533907791
-0.06888051074135326
-0.41533964098260334
-0.32814739442786656
-0.1552612619960092
0.053977247648523075
-0.17398643183829732
-0.18047553551115314
-0.31939043419582336
-1.0175627666255502
-0.38828188125162
-0.6299140738500564
-0.18724594971178565
-0.04868759165460801
-0.06612778452630064
-0.053168951851712776
-0.3350825370986166
-0.8664153406340998
-0.16452916393302897
-0.6597238856463301
-0.7152242612463697
-0.2939240042930431
-0.8261185065963366
-0.30431890464916656
-0.15494356424623057
-0.04679710578631191
-0.6008485446193099
-0.30103391757371667
-0.6723607751720566
-0.08005678369748959
-0.06396402424670222
-0.62551619900284
0.11171463983509067
0.026309468197749708
-0.3574077747665132
-0.023580216014230326
-0.10159367937651564
-0.35190401533467663
0.12103366581315367
-0.18836306218681897
-0.27933854102961964
0.10739875861598602
-0.15746698991227193
0.05440626340320165
-0.012785104528337587
0.15427445136845297
-0.20814154438184695
-0.9744758661278266
-0.2833135145963066
-0.4259056973192701
-1.215830102954233
-0.17893069496215774
-0.24541092992274005
-0.8789998561368864
-0.029185976372885336
-0.6425435589129131
-1.1162547294387932
-0.057000697005883616
-0.7902003789435901
-0.9722745223918932
-1.1767045825051399
-0.003830662989963707
-0.03573698851738227
-0.053183727514315216
-0.7445735433677898
-1.0709493625232431
-1.3367649631629264
-0.6037365778403867
0.09407351438549572
0.053725298949199085
0.21112561246252837
-0.28678946175549336
0.03955103827495743
0.08640363931548001
-0.03469703924311818
0.141750529321502
-0.0632909592034544
-0.024505446304173617
0.19494719442084774
0.025292071792831994
0.2034585904750147
0.16861854500148665
0.196045398890626
0.09230351781334134
-0.05246974630281975
-0.6817598652087133
-0.15376651966865962
-1.3460044089795398
-1.348993867845937
-1.3529786326582465
-1.35219165110549
-1.3364793753578197
-1.3423369341818967
-1.3233763850455769
-1.3480131838565632
-1.32198030053502
-1.3543935978241466
-1.337804065907973
-1.3512656129991734
-1.3381012604630467
-1.3467998754483004
-1.20850407168429
-1.3069342794021734
-1.3487288671037967
-1.3486273803892734
-1.344429902150123
0.11409615865601141
-0.13330678465107137
0.10229070655567207
0.22212719181796636
-0.06073356388064832
-0.07762801497515659
0.11314774216791779
0.2322407244598811
0.11644939349852435
0.03600359315484203
0.141750529321502
0.24336530153007974
0.12857524611635407
0.11171463983509067
0.14468782496958432
0.25705417363614635
0.2351660305920844
-0.5870482938403201
-0.09720410177268357
-1.3314778885425267
-1.3483390087319633
-1.3435377105428699
-1.3198201237707932
-1.2289014407631234
-1.3523308804698866
-1.347210476421043
-1.3395888273088632
-0.45157222958748
-0.19337183393716006
-1.34652555042133
-1.3364638308977868
-1.3462999331850662
-1.3492442403867568
-1.1015552340696801
-1.3260328611919534
0.03468187267053224
-1.35925708081768
-1.3485454543036832
-0.5590659783864
-1.3359896287693336
-0.28729169683667344
-0.6936787524627699
-0.6691340858613701
-0.48108967215356
-0.7289011074319303
-0.6224808100083932
-0.57310521431077
-0.7647514358290632
0.032707462109297425
-1.2551960334581502
-0.6155954356547433
-0.42651578788160993
-0.11024726786226857
0.015048093462127432
-0.38864060012128654
-1.3542495467634703
-0.6334947363391501
-0.7139073008377999
-1.3144251075675828
-1.0743533057925
-0.9298699818668934
-1.0824578273423198
-1.1739739931457498
-0.54337707296483
-0.46195675603816655
-0.2230102090607684
-0.5355888679044565
-0.94535728162861
-0.7932901397442835
-0.2090533880900156
-0.11052374865779768
-0.4231633317083565
-0.5657186827485967
-0.4461997671432101
-1.3494189456080932
-0.8770596998617133
0.20287801484970736
-0.1655036074057903
0.14117906104420175
0.0505427251674927
0.19162865029857
0.10618436307703405
0.1993454076693727
0.17531147605509068
0.17014531769873975
0.04690255367809204
0.2322407244598811
-0.011393348295459238
0.2106623305358405
0.21614275130190275
0.22160970149424442
0.15459102883547637
0.20419339511474233
-0.2096198207089066
0.16927464924299362
-0.7278937780749564
-1.1162547294387932
-1.3177811949579068
-0.6425435589129131
-0.9650850782950064
-0.5902256242841533
-0.09580423847795272
-0.7344789855577536
-0.3175341305268633
-0.4712863807681833
-0.3455790253725668
-0.22173189846205976
-1.265497848141893
-0.26477390508203236
0.008626314964291004
-0.1995914114408993
-0.9081591712670933
-1.352016091415757
-0.4940292147847565
-1.2855433681665933
-1.3519375432023533
-1.3485331382413563
-1.3364638308977868
-1.329001342370547
-1.3023452507559532
-1.31357967861241
-1.1774687040934533
-0.33112741029138015
-1.0985054969318198
-1.3484063372609332
-1.2940497267086766
-0.7800150232694365
-0.8020592324748934
-0.9297756867140132
-1.0130587567702334
-1.321640464070963
-1.3379013547955698
-1.2330671764665864
-0.04092635880476381
-0.2414967976750868
-0.5361998670450132
-0.49689566648806327
-0.4424192943763501
-0.07563061809334182
-0.3413276328354733
-0.22671096852879558
-0.17731236569424225
-0.49454920296263327
0.13524771590594398
-0.3770227934403134
-0.10969312448476753
0.11804686732389769
-0.03470951888557927
0.03482616857689902
-0.37571343182685335
-0.6407519669111033
-0.4913342976467534
0.03546807906863203
0.06914999174187131
-0.21735138462606063
-0.1993413629496098
0.11045628387047213
-0.08225363019936738
0.09420005852500235
-0.00031845634003102585
0.20336444568411194
0.006898425826403098
-0.032898874127267
0.044655377401992435
-0.22902616311873492
0.20236221269082433
0.25411627028378136
-0.02721659929924458
-0.06563227810643468
0.09046048191869893
-0.10855775858400563
-1.359453937791986
-1.3600650844649067
-1.3600315965073304
-1.3514904372815302
-1.114466253643543
-1.3296014493696133
-1.336233798436543
-1.3465909560287832
-1.3449256139713834
-1.34678700501245
-1.3332238878344964
-1.360036756814913
-1.3600315965073304
-1.3308051612804301
-0.8796205033350699
-1.2704333706168467
-1.3433124377120236
-1.3600315965073304
-1.2782359373183203
-1.1456471670103665
-1.3553017523015702
-1.3554759226200437
-1.3534908383265933
-1.3584323249014298
-1.3474558388526465
-1.347184698763897
-1.3498223050200933
-1.2766478788976432
-1.3532702708522697
-1.3524343585820864
-1.34989952855309
-0.23688670616340657
-1.16381245913714
-1.3319939889560763
-1.3487860461157797
-1.3566824800658233
-1.4052208770421997
-1.3540230984224597
-1.3403643826743332
-1.3608221412090633
-1.3608221412090633
-1.3599642372617433
-1.11724766002152
-1.3365024500653369
-1.34825471777364
-1.34779109279095
-1.3200302333934566
-1.3492163394085366
-1.3458566885382366
-1.3474152651306297
-1.3608221412090633
-1.3479192805334166
-1.3143621032942434
-1.2604931864575035
-1.2923271299494168
-1.3470551778039401
-1.3350777170780868
-1.345031179095177
-1.36148129880794
-1.3560143253750967
-1.35545538200622
-1.351518854009457
-1.3506926816503966
-1.3377065310134397
-1.34563776860176
-1.2281445100079997
-1.3349938610972365
-1.3550533641894131
-1.3692292609807466
-1.354515727850257
-1.0878808644629432
-1.3262311304708532
-1.3692292609807466
-1.3541220778081167
-1.0146444405375397
-1.3454004965037263
-1.3490364200362
-1.3523220526221302
-1.3689286872676734
-1.35709412898562
0.04861682675090728
-1.3559603304435872
-1.3138177179758568
-0.8260730497809599
-1.35100679148784
-0.8468256097637334
-1.3535245617440697
-1.35235924664256
-1.3516919576037933
-1.3474304739938332
-1.3516547042888134
-1.3442956488246134
-1.3276984686859366
-0.5517085608924399
-0.42670606070285344
0.13959359699176077
-0.25100598350702685
0.011741878621654656
0.09471290942304178
-0.20542673101962128
-0.1416416454147713
0.011333278282094739
-0.0701400749908565
0.18829668575346103
0.024436170623748588
0.07560994960278633
0.14358886972194096
-0.6989388176032001
0.24007592103762843
0.025292071792831994
0.1086021367029556
0.027775654683200757
-0.6311291218972868
-0.16836702385448044
-1.1529586445388331
-1.3524242646471136
-1.3578110270415196
-1.3064513140084433
-1.3770328504908167
-1.348342769995647
-1.3482723299485402
-1.3438032113717537
-1.3200302333934566
-1.3416820130757166
-1.3438816158519704
-1.3770328504908167
-0.9597503852456264
0.016945308754578114
-1.2415445579431834
-1.3193713337370268
-1.3445434679589998
-1.3770328504908167
-1.3563606561107968
-1.347702898848317
-1.3578517430713033
-1.3770328504908167
-1.3536792005196299
-1.3573296202621465
-1.3580197533797067
-1.3524650476915303
-1.3532057668435766
-1.350955663641177
-1.353457677140633
-1.3553594353010898
-1.3770328504908167
-1.3590345137310664
-1.3578517837143567
-1.3361323147888866
-1.3572377838958234
-1.3374592813744468
-1.35379741560225
-1.3546011001519966
-0.94535728162861
-0.3670219595309401
-1.3483576200190663
-0.3221540891797634
-1.3555991110776069
-0.46136679412141013
-0.02721659929924458
-0.2833433905716767
0.21698778742500568
-0.003103860518799295
-0.6143412297847632
-1.3430471931976133
-0.31008338914923983
-0.1416416454147713
-0.9087017393866901
-0.33311272731808983
-0.08495509020330871
-1.06987224774392
-0.02659295782088822
0.228214847162312
-0.39682876155939995
0.18970322319681576
-0.05334029031256826
0.02775532383732271
-0.07015327388817694
0.01186626786656575
0.20284305679144277
0.11998716109667162
0.07849578587743034
0.07870667742615145
-1.1218552815122032
0.1728795358076347
0.21698778742500568
0.13069043038713568
0.13524771590594398
0.06407899580176502
-0.4531858651561633
-0.18194187582302035
0.03423224874790831
-0.36024755950067666
-1.3389200719523702
-0.4275202298896865
-0.6259927223908166
-0.5265184471990765
-1.2281445100079997
-0.07908828975744964
-0.32198753062554797
-0.04832028401921429
0.08764728799578825
-0.31008338914923983
-1.3523806413813233
-0.20625359615916317
-0.5840107163386168
-0.1433692544638202
-0.18047553551115314
-1.3670684693134265
-0.5886027941626333
-1.1636287265524299
-1.3465816950924832
-1.3459989060534965
-1.1156567434770233
-1.3451073843826333
-1.0985054969318198
-1.3465904343638901
-0.37670788204168004
-1.3647022255234367
-1.3497899110431266
-0.3758520405352199
-1.3647581068390333
-0.6124905893571766
-0.5866309638348299
-0.24378216020664656
-1.3596878140315067
-1.3424778329424867
-1.3031329169114736
-1.339047237721183
-1.3524343585820864
-1.3584410607133166
-1.356680581675207
-1.3569087767493402
-1.3483163288098234
-1.3736430975624665
-1.3511959945242196
-1.2932375038159898
-1.3455207945209233
-1.1636287265524299
-1.3523832467046901
-1.3740855566716732
-1.3736430975624665
-1.3494146218364031
-1.3539530118013667
-1.3565683535256765
-1.2132183549516435
-1.3739907938788467
-1.3739907938788467
-0.18823827126449555
-1.3087378649206132
-0.8028806584375598
-0.3858576080414131
-1.1218552815122032
-1.3319541190036337
-0.7283736610018534
-0.30118676848591686
-0.31372324601513335
-0.4441758512462466
-1.0898360122045834
-0.14276598359209236
-0.2164785838412071
-0.032586639269381656
-0.28401066773382655
-0.5293007876498366
-0.225118339381017
-1.3247305682623534
-1.2628415224694232
-0.3350825370986166
-0.7429262053732602
0.1423944832535916
-1.3479288684578665
-0.13202033928259593
-0.5201317835672898
-1.2990911479616232
-0.20627213692332524
-0.8513418326216498
-0.8513418326216498
-0.23100206259642797
-1.03431966593376
-0.18471330458319735
-0.41496603392079656
-0.18194187582302035
-0.26458108837540006
-1.1156567434770233
-1.356419467275567
-1.1877335668077134
-0.6475363987025933
-1.0601068497707267
-1.3563746549879196
-1.33295054423473
-1.3209913361034298
-1.3524242646471136
-1.3433775945038628
-0.0969926478219757
-0.99665251333485
-0.4250653173119465
-0.8512088416098633
-1.21553226329473
-1.3377878333200237
-1.2412901048248401
-0.78375048136535
-0.6796658649862968
-0.8445822508966332
-1.3467695931689927
-1.3469345384397164
-0.9073110245174201
-1.3489573005709903
-0.7607609307191534
-0.45297118458829666
-1.3518096947167129
-0.8919468816510301
-0.2379684691688484
-1.352378890249983
-0.14729101523002974
-0.11217575258718637
-0.24639684158602315
-0.3258483614996399
-1.3449395453075161
0.04771558383551866
-0.6407519669111033
-0.6585391214144634
-0.8946099722269834
-1.3386452623529967
-0.8340400549966667
0.12317097606197114
0.020562601268903635
0.0077061078562074
0.20336444568411194
0.08027616547153293
0.07643086012245404
0.09870318420831514
-0.08228295037773004
0.21683373663206373
-0.01054526910186393
0.19307578888114807
0.01137460966817272
0.11555172332216201
0.16264139669061173
0.19503285983441998
0.14390709838831806
0.049368135349972975
-0.14317972489190367
-0.02791708956590966
-1.3624652984376668
-1.3624652984376668
-1.3624652984376668
-0.6514233252010433
-1.3624544180356666
-1.3624652984376668
-1.32907867746058
-1.3624652984376668
0.06988732016353205
-1.3624652984376668
-1.3624652984376668
-1.3379013547955698
-1.3624652984376668
-0.9711111271355699
-1.3624652984376668
-1.3624652984376668
-1.3624652984376668
-1.3624544180356666
-1.3624652984376668
