-1.36625000463021
-1.36625000463021
-1.36627497109779
-1.36625000463021
-1.36625000463021
-1.3662922014125196
-1.36627497109779
-1.3663263895022832
-1.3662922014125196
-1.3663051122096932
-1.3663051122096932
-1.3663051122096932
-1.3662922014125196
-1.3662922014125196
-1.3663263895022832
-1.3663263895022832
-1.3663051122096932
-1.3662922014125196
-1.3662922014125196
-1.3507955908912996
-1.3636924512356
-1.3510422055032465
-1.35052609308077
-1.3550320803576699
-1.3639902206273264
-1.3621415507568537
-1.363906660295147
-1.3639958914844934
-1.3640543233800733
-1.3640048870861867
-1.3639902206273264
-1.364069130605043
-1.35648250557028
-1.337257253442627
-1.3640048870861867
-1.3615607294448768
-1.3640543233800733
-1.363906660295147
-1.0186448658936333
-1.3407331212650768
-1.3455831115948933
-1.355869377381023
-0.3681798407965664
-1.3446286137956234
-1.3457439138997898
-1.2998416710314
-1.3526663940861563
-1.3574347052929103
-1.20850407168429
-0.9957221893454131
-1.3442423817419464
-1.2682126358946166
-0.21146649394784056
-0.15421203016996188
-1.21096117320268
-1.3576325895412
-1.3424789691786967
-0.36564185320046994
-0.33242668055740987
-1.3299206984707665
-1.0390655861790934
-1.0620556707553932
-0.6284386182058965
-1.2885732168840565
-0.5926890273709133
-1.3332845208667865
-1.3560695337855333
-0.8033980350494101
-1.3551396568441665
-1.2409893236929967
-0.7099262156683566
-0.517405158201
-0.8712395075922235
-1.2507651238244266
-1.3531975890896901
-1.3318697471228598
-1.3562279334068799
-1.3547599513420931
-1.3676730519277602
-1.35901132904277
-1.3513026064914597
-1.3578159713048867
-1.35651968815676
-1.3519648734540337
-1.3542528789409736
-1.35940853558991
-0.8820394341390267
-1.3590096688483468
-1.3514312280991168
-1.3410236388733634
-1.3461402147747834
-1.3563310942256868
-1.35624014532277
-1.3737779856260266
-1.1126036755238233
-1.355802098599813
-1.3360798635304767
-1.356671393943897
-1.3575616087187
-0.13047503203811228
-1.3575978183368664
-1.3424374467185136
-1.3592559203789465
-1.3562106000670435
-1.3429871186802367
-1.3533926327468166
-1.3501425084711731
-1.3582689739089902
-1.3564154122840302
-1.35622628864306
-1.3474741590485464
-1.3564154122840302
-1.3544894674022365
-1.3552171410868499
-0.4836525771514266
-0.8796205033350699
0.05335723665091818
-0.19320742063771457
-1.2663618647867465
-0.4345258139699
-1.3475251854280432
-0.1316396109968112
-0.5272066691541366
-1.34438180047005
0.024505500910850686
-1.3459282008874363
-0.20810105738004003
-0.2518584590529733
-0.03708177256122769
-0.4575388657681698
-1.3313986084823797
-1.3624544180356666
-1.2278464072823967
0.10669049905884298
-0.3418329400378266
-1.3521987783110268
-1.3490440528792869
-1.3171142154966136
-0.4148932500292233
-1.34989952855309
-0.10139128573741063
-1.2832669034590696
-0.54890570294224
-1.1178829808672932
-1.1655630447392833
-1.0322845974458668
-0.93354207489738
-1.2981103892665669
-0.2903703405554634
-0.10545822968194063
-1.36816845602196
-1.3403643826743332
-0.08531922055380237
-0.058423841459270265
-1.3553220725214201
-1.3559277175995463
-1.350898123557323
-1.3438609070858396
-1.3550532765018501
-1.2318658047617133
-1.3552173308903965
-1.271013267527373
-1.35425850600876
-1.3526364112167202
-1.3551286633985167
-1.3541776657671263
-1.3751998612894165
-0.1630601006128506
-0.7295089148518532
-1.3751998612894165
-1.3529379015950398
-1.35519281344591
-1.3685389843018796
-1.3685389843018796
-1.3359896287693336
-1.35471730620342
-1.3583950988943565
-1.3552171410868499
-1.3685138341393235
-1.3521844519088733
-1.3494189456080932
-1.353699285390587
-1.3680015356912132
-1.3685389843018796
-1.3682420584409565
-1.3469622735220534
-1.3514751894498067
-1.3359896287693336
-1.3583070388849263
-1.3414103162625097
0.06407899580176502
-1.3225524758408698
-1.3462867930252433
-1.3585049313301534
-1.3541824574985566
-1.3585455275804539
-1.3590345137310664
-1.3329147451937997
-1.3548945895305402
-1.3860117710519164
-1.3409535796754133
-1.3233965924795732
-1.3542641137815532
-1.32610793048435
-0.6513379273579132
-1.3401357461326033
-1.3498612065965934
-1.3593740296872499
-1.3571209138621065
-1.3491250867136366
-1.345721854967997
-1.356724216285543
-1.3445494417525299
-1.3545866317402333
-1.35959136533886
-1.3508786419299232
-1.3583950988943565
-1.3490781750688767
-1.3721526004317801
-1.3721526004317801
-1.35356026730397
-1.3721439587796103
-1.3536295838188868
-1.34748828712255
-1.3689286872676734
-1.3630519077543966
-1.3563941562838133
-1.3482025727372902
-0.12664145776711255
-1.3026864598606567
-1.34701618317655
-1.3359896287693336
-1.3395844872670066
-1.1002042439273534
-1.346792858969883
-0.7589467587955268
-1.3358162859129434
-1.2162576371286398
-0.24378216020664656
-1.34936206891016
-1.2400229590007532
-0.024505446304173617
-0.3725701891769664
-0.6692768957086299
-1.3065522842670263
-1.3520271251598
-1.33870288317563
-1.2698734664804867
-1.3365024500653369
-1.3665382239984099
-1.3673953973708568
-1.3673814125422732
-1.3535795929806569
-1.2302804288498832
-1.3673953973708568
-0.9738010604918832
-1.3347683551091367
-1.3669396935936802
-1.353863592421317
-1.3484506985207232
-1.3510982847980735
-1.3261707234043834
-1.3523832467046901
-0.8929646195293366
-1.3540762553274335
-0.9366984537556868
-1.3521142116899965
-1.3516654246298168
-1.3724983334938865
-1.3724983334938865
-1.35679496052293
-1.3630519077543966
-1.3493180998838095
-1.35650977402612
-1.3185378632473932
-1.3501425084711731
-1.35633532595959
-1.3563474188365934
-1.3724983334938865
-1.3562937757872469
-1.353863592421317
-1.3569695777235533
-1.34898997662915
-1.2425978218828635
-0.5727392530106965
-1.3567295535958501
-1.3575536335516696
-1.3579083220024502
-1.3543230412917295
-1.35851521672783
-1.3571732561686667
-1.34686735687719
-1.3573971966672933
-1.33777580123708
-1.353855295406173
-1.3564892378353468
-1.3538789039591035
-1.35932412259034
-1.3482077864294864
-1.35379741560225
-1.347850626802963
-1.35649055643613
-1.3569449389136667
-1.3498936020246601
0.08960709770567998
-0.040581357000120444
-1.3570504654406532
-1.1059866344450866
-0.21201562537123952
-0.17064862436870998
-0.5168653354561732
-0.17398643183829732
-0.5340822743626366
-0.35644104055466985
-0.07552813592579621
-0.8946099722269834
-1.3128055452579228
-0.47820828257054004
-0.2289124606832207
0.20440727677265336
0.0369416997069264
-0.7371608543845303
-0.6368005196710766
-1.087528219542243
-1.2879025936029533
-1.2302804288498832
-0.91656790838086
0.053424043123051046
-0.8697615882307401
-0.6124905893571766
-0.2729183286444501
-0.4782286323020033
-0.4498702737279867
-0.9739501216563067
-0.9881394060010298
-0.4054863513971665
-0.7365292165200297
-0.5076387052346767
-0.6494794104804831
-0.5525692072303166
-0.6503096903524466
-0.9606865888291134
-1.3508238828781467
-1.3479989017330767
-1.3455340026954565
-1.353331004641197
-1.3449592160184798
-1.354256847759157
-1.3380086878173265
-1.3262927341367865
-1.345355565916297
-1.3729646867486567
-1.349807774812827
-1.3395478952914863
-1.3370029759174167
-1.32907867746058
-1.2879948614615366
-1.3414709468233235
-1.2409893236929967
-1.3729646867486567
-1.3262840012001935
-1.3530548766249368
-1.3535795929806569
-1.3565776160417835
-1.3564154122840302
-1.3505748660903203
-1.3520865636756798
-1.3528585069019998
-1.354186362725533
-1.3479411465050464
-1.3578804271959433
-1.3498123679130565
-1.3564154122840302
-1.3519074288774564
-1.3517961215664065
-1.3412698669535001
-1.345650497448717
-1.3542948391207168
-1.3542641137815532
-1.3523220526221302
-0.9099281539089932
-1.3395962323535668
-1.3309890194882668
-1.1059866344450866
-0.9881394060010298
-0.5918877909545601
-0.7648437433022133
-0.6850415188818031
-0.18259685034619366
-0.7825398706480933
-1.296703107932033
-0.6395277143402467
-0.34227745133614995
-0.6585391214144634
-0.4550318202557966
-0.39451533661017657
-0.6747738579235032
-1.2082874133857333
-0.99756527691988
0.21286839046340944
0.12910092630961933
0.0660594611199724
0.02097868212194509
0.10918411518525539
0.13809194173352435
0.12774816467247874
0.17101217330999474
0.2250777566404144
0.1827928172693506
0.12857524611635407
0.17483289762565202
-0.015272936989219943
0.22931707924932165
0.24797723862490806
0.11044574686767827
0.1813834893440307
0.047822569944390714
0.09672910372384325
-1.367553977578123
-1.3690553139576265
-1.3690553139576265
-1.3577408746658666
-1.3424422972689798
-1.3528864919355668
-1.3533135471031068
-1.3559105879616098
-1.3556817714785163
-1.355733824866593
-1.35158009637153
-1.3690553139576265
-1.3690353596025764
-1.3522678857834634
-1.3428965812784996
-1.3524242646471136
-1.3547046101803697
-1.3690353596025764
-1.3482786626220165
-0.5257043312018699
-0.9321266430143
-0.4696703463398302
-0.04688670578273335
-0.3071849810770233
0.0018093005127700623
-0.7365292165200297
-0.19777551152170236
-0.20212612975348898
-1.2612386685012034
-0.6466281827059666
-0.30077075361715666
-0.31106034600156995
-0.37670788204168004
-0.02141098907989658
-0.5799816688528265
-1.2134743375972001
-0.7278937780749564
-0.0008862099680998492
-1.3543140117327335
-1.3701599773173467
-1.3701599773173467
-1.3689490163910802
-1.3463827566899167
-1.3545409518041196
-1.3562410782569665
-1.3562808435114602
-1.3527888260802867
-1.3563310942256868
-1.3560278587687566
-1.3562667556037966
-1.3700228898705369
-1.3561267641114836
-1.35066935498708
-1.349987271541313
-1.3507955908912996
-1.35579551194787
-1.3520829187387498
-1.3564063747884
-1.3724983334938865
-1.3593570595598998
-1.359236484662417
-1.3580197533797067
-1.35754791906044
-1.3540762553274335
-1.35620448982607
-1.3499898612714598
-1.3537198017905667
-1.3590894970196565
-1.3879145871407834
-1.3591035107190268
-1.3506484304476163
-1.3539518955123335
-1.3879145871407834
-1.3588127005422703
-1.3461221251460698
-1.3554958970948099
0.003891206932948421
-0.5581620296471999
0.01428753098549329
0.02775532383732271
-0.20672714096851097
-0.294392902765223
-0.10180663853813166
-0.23115009296832034
0.18553817571324804
-0.13142402892591531
-0.03573698851738227
0.06395952363255641
-1.1677509343406
0.15568556544447376
0.03500557767866708
-0.012097976567200686
-0.10777056848371391
-0.8653681268251399
-0.21629372797297264
-1.3563552952017766
-1.3596902674674967
-1.3925414377468601
-1.357241254495897
-1.3594814109592934
-1.3597210132421602
-1.3564288980699737
-1.3577696880860004
-1.3552047367965967
-1.3563962758035335
-1.358716017556147
-1.3925414377468601
-1.3625254981274435
-1.3595881338998632
-1.3507336658794
-1.3591542549843068
-1.3557148186912036
-1.3576435047218665
-1.3581067856987432
-1.3552047367965967
-1.3588062424222933
-1.3586783701762633
-1.3540392261154097
-1.3582399121429334
-1.3540762553274335
-1.3585455275804539
-1.3379492481236466
-1.3901228165762998
-1.35934832991734
-1.3023452507559532
-1.3901228165762998
-1.3510083739669598
-1.3465904343638901
-1.3470048442289935
-1.3792979626461568
-1.3580197533797067
-1.3569444569029563
-1.3577696880860004
-1.3577911627806931
-1.3630396886359066
-1.35973003601094
-1.3597129712806466
-1.3572057127226134
-1.393493055261477
-1.357502058625197
-1.3489218187876633
-1.3563725997642329
-1.1282019165117465
-1.35839897399608
-1.3957029951318467
-1.3925414377468601
-1.3576435047218665
-1.358900223317943
-1.3596731717009534
-1.353368711562303
-1.3957029951318467
-1.3957029951318467
-0.5878756915098331
-0.6435307443806033
-1.3515543625770166
-0.9603809401033632
-0.48358750708300335
-1.3423220011453698
-1.191429370583853
0.08374625063545738
-0.43773639945227316
-0.032586639269381656
-0.3021968569845901
-0.7146681796579966
-0.9839199795497835
-0.6985734129710266
-0.38855577006531017
-0.45157222958748
-0.31949257520229657
-1.2551910738151233
-1.2612386685012034
