-1.3614717492384534
-1.3614717492384534
-1.3614717492384534
-1.36145702757997
-1.36145702757997
-1.3614588254502569
-1.3614717492384534
-1.3614717492384534
-1.3614717492384534
-1.3614588254502569
-1.3614588254502569
-1.3614717492384534
-1.3614588254502569
-1.3614717492384534
-1.3614717492384534
-1.3614717492384534
-1.3614588254502569
-1.3614588254502569
-1.3614717492384534
0.19150903624170368
-0.0836028413051384
-0.27164483710716003
-0.06526525764819358
-0.11267784213450838
-0.057000697005883616
-0.10969312448476753
-0.0708840321861336
0.1187497384482391
0.01428753098549329
-0.25427973106671997
0.030267597644919486
0.04100854182953928
0.08027616547153293
0.021677138115767103
-0.1452690361746365
0.2086526515592143
-0.5134585119451665
-0.4032283656417466
-1.0249138445314967
-1.0049877201284234
-1.3490536615667827
-1.36576576314707
-1.347512032943583
-1.2789506915680868
-1.36576576314707
0.11310825950980696
-1.36576576314707
-1.3407779550930932
-1.3403958697784204
-1.3559717729973095
-1.3633886982367431
-1.36576576314707
-1.35857547287265
-1.352585209651997
-1.33508026971653
-1.36576576314707
-1.36576576314707
-1.34748828712255
-1.3617276368356834
-1.3465261908680835
-1.3482723299485402
-1.353334717119833
-1.3622694262826598
-1.3597365934074634
-1.3622694262826598
-1.3622694262826598
-1.3622694262826598
-1.3622694262826598
-1.3622694262826598
-1.3622694262826598
-1.3551286633985167
-1.3318570587144665
-1.3622694262826598
-1.3596355153461332
-1.3622694262826598
-1.3622694262826598
-1.3490440528792869
-1.3586151349262066
-1.3460591771859
-1.3592554728761796
-1.3383147098262964
-1.35650977402612
-1.3591463756493534
-1.3564589065902832
-1.3577696880860004
-1.3606440333412966
-1.35527844186179
-1.3925414377468601
-1.3558060661935167
-1.3578517430713033
-1.339047237721183
-1.3586321797066967
-1.35778906756578
-1.3732825454900932
-1.358210824431913
-0.30510405977435995
-1.3137405509257198
-0.37287888918869316
-0.1433692544638202
-0.43060632100400653
-0.7748496504440567
-0.11031810712142931
-0.3103199241480532
0.1645945739681074
-0.3551802911274866
-0.9454492709691769
-0.13335237188219085
-0.48358750708300335
-0.31031215256176004
-0.20278912566145324
-0.21537072107623367
-0.0629988696518543
-1.3472698677274333
-0.18194187582302035
-1.3148427507804334
-1.3333704180803698
-1.3448626175535234
-1.3540943848652636
-0.4207072377976002
-1.3460673127610465
-0.9945181246782664
-1.2286865512215468
-1.3504252490311965
-1.3571562107550599
-1.0063856325821867
-1.3407816011992169
-1.3180519007169935
-1.33378948777791
-0.010505662347179978
-1.3089054203912966
-0.42405761049739654
-1.3572272469672302
-1.3479050892879032
-1.1878658846592367
-1.349355545620757
-1.3506748942618665
-1.3519375432023533
-0.7099262156683566
-1.3482127850961168
-1.34174501389169
-1.0048298340955564
-1.3378363882113034
-1.3467393467163267
-1.351714772206757
-1.2675557314401198
-1.350867320504567
-1.3462241777899036
-1.3138177179758568
-0.053168951851712776
-1.3256526177665902
-1.3567012445246065
-0.9739501216563067
-1.3513934329590733
-1.3453545332577899
-1.3573136242720034
-1.357752657391027
-1.35516572532875
-1.3530270129545867
-1.3510883751709732
-1.34748490030361
-1.3580132732277828
-1.3640543233800733
-1.35475546938607
-1.3615396616594135
-1.3557763046378297
-1.3487860461157797
-1.352585209651997
-1.3530951647070397
-1.3550662321251266
-1.3596731717009534
-1.3547965967109001
-1.3546947579427564
-1.3557203570673866
-1.3676730519277602
-1.3583638703576901
-1.3508857113632464
-1.3588058533828629
-1.3563231487684733
-1.3523806413813233
-1.354427349419837
-1.3594814109592934
-0.89569255222037
-1.359226479117973
-1.3528525277786398
-1.3533619835545068
-1.3542103973827433
-1.35562495857826
-1.35664111366156
-1.374918542368563
-1.3011527055790295
-1.3588570286902635
-1.35263760289555
-1.35921016620699
-1.3596731717009534
-1.3225362599359665
-1.36030220404664
-1.3557622902827533
-1.3658338049326901
-1.3593740296872499
-1.357241254495897
-1.3583950988943565
-1.3569057645999139
-1.36148129880794
-1.3595505990982497
-1.3590482908405668
-1.3546011001519966
-1.3590345137310664
-1.3585455275804539
-1.3588058533828629
-0.7031993839362434
-1.0979601094315201
-0.8637282039917835
-0.9447338393977331
-1.3460486750064464
-0.7968576842319901
-1.3548816843980798
-0.45157222958748
-1.32455585599345
-1.354227402907593
-0.19447733076382379
-1.354256847759157
-1.0680125394265634
-0.6101597123716134
-0.010592569499703663
-0.7445735433677898
-1.3523757077043301
-1.3713829289942896
-1.3473194440108531
-0.05395715364101428
-0.2160695201821854
-1.34505537031901
-1.3359351558108803
-1.0146444405375397
-0.7447159409595232
-1.3318355672904536
0.12926967827195002
-1.1205246654532102
-0.09962436982403167
-0.7445735433677898
-0.7438668889100664
-0.6869678539572066
-0.10370432735208845
-0.9526780822534564
-0.29319593006527334
-0.07115415859545937
-1.3625697190094432
-1.2865086440079265
-0.3300258096445168
-0.46974231094345
-1.3534036083508898
-1.35379741560225
-1.349987271541313
-1.33508026971653
-1.3539388434347464
-1.1149039100742602
-1.353458517575043
-1.0763689253828768
-1.3526420752924735
-1.3501047916916336
-1.3531704026614233
-1.3533444155223733
-1.3736542200738566
0.08253169349698997
-0.870663202775763
-1.3736542200738566
-1.3505082486175035
-1.3428670048422267
-1.35959136533886
-1.35959136533886
-0.8859121063513333
-1.344184072255227
-1.35316272871315
-1.3436016429069935
-1.35959136533886
-1.3210310204914566
-1.26841592372072
-1.3364199099575464
-1.35945853437351
-1.35959136533886
-1.35957583342219
-1.0743533057925
-1.2860927199475136
-0.8134393243249167
-1.3530270129545867
-0.793857016167623
-1.3256526177665902
-1.3588048259009602
-0.3303160564384535
-1.3419850350745266
-1.3393202645401265
-1.3329694434365167
-1.3547853168637265
-1.3506180633877967
-1.3515955569962568
-1.3515749909730164
-1.3371581380043898
-1.3526045060656129
-1.3464183678100765
-1.356849616083863
-1.3445434679589998
-1.3512009394403632
-1.3510083739669598
-1.3592174320705133
-1.3502064364005633
-0.21034022363541993
-1.333754090447917
-1.3357188202210168
-1.3569427916779069
-1.351730310870153
-1.35709412898562
-1.3577696880860004
-1.3351410538666668
-1.3515450540264902
-1.3768449966518532
-1.323694115727117
-0.8653681268251399
-1.35025571286464
-1.32528024133387
-0.07497781242696622
-1.2789506915680868
-1.3414606830824902
-1.3581879916587765
-1.3555403175484035
-1.0848677918032168
-1.2240775982268368
-1.3475777238431434
-0.8493702663497464
-1.3390631074838333
-1.3561267678822633
-1.2502266623583163
-1.3520099638757133
-1.1107211001500668
-1.360383628809303
-1.360383628809303
-1.3244124003638
-1.360383628809303
-1.3270601116803502
-1.0878808644629432
-1.3595709471888564
-1.3581965386994668
-1.3463049745298465
-1.2286865512215468
-1.3517868196651164
-1.3569087767493402
-1.3584288441252004
-1.3549981750151932
-1.3574240762255165
-1.3522001261501502
-1.3586969581027701
-1.3554419794350765
-1.3574240762255165
-1.3561192530697168
-1.3433775945038628
-1.3589953463629731
-1.3486205778582199
-0.8018168609371166
-1.3016002260402635
-1.35317661652208
-1.3563571936584435
-1.3595904714525768
-1.3581785746654065
-1.3448636895971933
-1.3471594849094966
-1.3690180677848565
-1.3697643575855767
-1.3697520964122432
-1.3554676135502666
-1.3064715510381233
-1.3697520964122432
-1.2226833264710697
-1.3461221251460698
-1.3690553139576265
-1.35545538200622
-1.3511409351841368
-1.3537198017905667
-1.33993811466474
-1.354844022971947
-1.3212705215846365
-1.3558928766867266
-1.3225434191455334
-1.3497899110431266
-1.3510083739669598
-1.3721526004317801
-1.3721526004317801
-1.35622628864306
-1.362422845259093
-1.346196115352447
-1.3563121353414336
-1.29429940002202
-1.3502271766415568
-1.3562897694419034
-1.3557203570673866
-1.3721439587796103
-1.3556259013075898
-1.3567186614140399
-1.35666625321673
-1.3461150851836132
-1.3079170022342401
-1.1218552815122032
-1.3581785746654065
-1.360835655158993
-1.3592962092626597
-1.3592480625545469
-1.35857547287265
-1.3545736039134466
-1.3564589065902832
-1.35869987450437
-1.3579787376779566
-1.3574993457023767
-1.3590675874791898
-1.37202546369029
-1.3563469977410603
-0.9133224746528399
-1.357293408978463
-1.3590675874791898
-1.358936610350813
-1.3560943203158233
-1.3578595153056034
-1.354844022971947
-1.3559368615060436
-1.356064603609413
-1.35094818746721
-1.3569443435138298
-1.35366379512248
-1.349791072901907
-1.35553153862987
-1.3162311241360336
-1.3493645806343033
-1.3532699462243465
-1.3507506808537402
-1.35856185856527
-1.344184072255227
-1.34726623562648
-1.34748828712255
-1.3542103973827433
-1.3541509995382701
-1.3497890291494135
-0.2023720681451634
-1.10191680264626
-1.3658301660065297
-1.3536160760048932
-1.34779109279095
-1.0067527293661398
-1.3369472947957801
-1.3303059707001035
-1.347702898848317
-1.3448604003417235
-1.2879948614615366
-1.0113813692621632
-1.3552829764656034
-1.3453505049247698
-1.3137405509257198
0.0523245749803517
-1.0182854685757734
-1.3489062592119967
-1.2540406858942736
-0.18959795243048694
-0.49689566648806327
-1.288025925212073
-1.1005741308242734
-0.49732642908032987
-0.9701230309770432
-0.6936787524627699
-0.8938321716448099
-0.032173959522710294
-0.1552612619960092
-0.5094575656049634
-1.3442679766224166
-0.4855218301361932
-0.95059699205856
-0.39930025790811996
-0.20289514365668515
0.17440968594753437
-1.3357188202210168
-0.44582398750861985
-1.2631193495610566
-1.1061377474659866
-1.1279673894076199
-0.6850415188818031
-1.3144251075675828
-0.87646101136032
-0.19664060159181318
-0.6437939116243865
-0.66825835011769
-0.5872152338708234
-0.6739872780763498
-0.6717353812403033
-0.5581620296471999
0.16559670975604135
-0.30811554924665674
-0.20764086569136564
-0.49689566648806327
-0.44508776386962645
-1.2610400554835666
0.03264163922128127
-0.09981500966105428
0.10094715898974549
0.0660594611199724
-0.07674805389640327
0.1636198485816759
0.11962474910021104
-0.12570116457584268
0.24956882595474006
-0.06396402424670222
-0.14688985955371237
0.2445770050162287
-0.05948349545975162
0.13551877150632263
0.08749884843014044
-0.05908932199771322
-0.18724594971178565
-0.44508776386962645
-0.04679254036345826
-1.3532408084247503
-1.3562710798898734
-1.3574294457213099
-1.3558261313991298
-0.6708347919196165
-1.3527484709867101
-1.3368894477942468
-1.3474152651306297
-1.3540230984224597
-0.8637282039917835
-1.351252777394373
-1.3537783880785668
-1.3509626915313997
-1.3540230984224597
-1.3485454543036832
-1.3480131838565632
-1.3511409351841368
-1.34995546014351
-1.3512120443971898
-1.3550662321251266
-1.3529786326582465
-1.34980347065519
-1.35503012737122
-1.35134930020872
-1.3558530494150434
-1.3462500503455233
-1.3483198216734165
-1.3489990734374264
-1.37835627170888
-1.3519559338591969
-1.3457837929345535
-1.3498223050200933
-1.3480454046015304
-1.345355565916297
-1.3445143028927098
-1.3357527985128868
-1.3782844564466967
-1.3438609070858396
-0.6225333951065666
-0.020973180961551985
0.07543358026126168
0.06638154755204206
0.07849578587743034
-0.2069116183232289
-0.6018319689966034
-0.05072131874513097
-0.3439813792955033
-0.5443531657794265
-0.10103341408987188
-0.56736294532052
-0.12526396274481721
-0.01992836224591965
-0.027750844283441656
-0.23688670616340657
-0.14291209942099858
-0.3693677759824967
-0.06563227810643468
-0.4339785010836199
-1.3075077640122865
-0.09586783345336025
-0.19337183393716006
-0.8664153406340998
0.10032169056199614
-0.5792168194031502
-1.0432994677817364
-0.14367855278596664
-0.7076270141113901
-0.8838875060001599
-1.1681468149006833
-0.058423841459270265
0.012977220203902351
-0.12686717930090008
-0.5123279484137166
-0.9566913179821299
-1.29204503423247
-0.3846735030937498
-1.3431414782304198
-1.34715526260754
-1.3523295155253332
-1.351730310870153
-1.3333752143939734
-1.3414120811952266
-1.3188182925914065
-1.3476868061710499
-1.28504287208349
-1.3538603303538896
-1.334196710729683
-1.3505378408718767
-1.3305788390009732
-1.3453505049247698
-1.18908830458112
-1.3108131104736431
-1.34829069375769
-1.34829069375769
-1.3407857009095134
-1.2086203534867697
-1.337291243176693
-1.28240356153816
-1.29046031563385
-1.1521875837981599
-1.3488314839817033
-1.3429933962964666
-1.3033818458591333
-0.5066844868884834
-0.05908932199771322
-1.3380724797914998
-1.2632341429881397
-1.3384091258911135
-1.3462999331850662
-0.9591882412947934
-1.1282019165117465
0.1266698133793821
-1.3585621841748199
-1.3423777649393132
-0.66825835011769
-1.3432004371178068
-0.43060632100400653
-1.03676190691653
-0.7921536606021997
-0.5738683175857167
-0.91656790838086
-0.8354955606966235
-0.7525257067126168
-0.92211355113197
-0.009595105584927932
-1.3271523437172532
-0.7450711711084665
-0.73494465602291
-0.15583464381149337
0.052395226581356646
-0.4856830745219165
-1.3560210281011398
-0.6597238856463301
-0.35701705382249993
-1.2302804288498832
-0.57542161016668
-0.61708180598487
-0.6654314202449301
-0.9253383342718797
-0.4678193332398266
-0.42677667168766664
-0.0761627081154096
-0.21640508620801935
-0.8155990424742201
-0.3758520405352199
-0.08243792673850903
0.07517374349505479
-0.2707659289579334
-0.5039238190052999
-0.15202088679051784
-1.3377041602784865
-0.5832851426865331
-0.64247507038196
-0.5868659534565632
-0.7146681796579966
-0.33575589201893674
-0.43173218988593987
-0.5062199763892867
0.0580257310600526
-0.5066844868884834
-0.08119027230920839
-0.18210390396546605
-0.10570416945705075
-0.057000697005883616
-0.78375048136535
0.02706534110209946
0.027348319702620416
0.051077592451463705
-0.4480035699859857
-1.3410487375850537
-0.18861889271516585
-1.3491511299449566
-1.357293408978463
-1.35606534115229
-1.3512872416424568
-1.3537658799375833
-1.3485907130173098
-1.3486205778582199
-1.3403327254699002
-0.8252164077703801
-1.3474304739938332
-1.3560055175981964
-1.3460104941271003
-1.3350756494795433
-1.3376794927473332
-1.3411412805152567
-1.33796314832516
-1.3489137288037867
-1.354024447028673
-1.35066935498708
0.0077061078562074
-0.15971595992482435
-0.4855218301361932
-0.4118721809099799
-0.40313092905632986
-0.0022202143699106003
-0.294392902765223
-0.17713224164751074
-0.16427530656837142
-0.3574077747665132
0.2523846510885517
-0.2450967626984597
-0.10293053974787558
0.13754551716158603
-0.0026663446601866703
0.07425618311969373
-0.3086060622737501
-0.5168653354561732
-0.42266433706745343
-1.3592480625545469
-1.3595932704606466
-1.3595932704606466
-1.3504916543266732
-1.0003625507336065
-1.31100644440184
-1.32589410205436
-1.3433982785916299
-1.3412193177709768
-1.3442141898657396
-1.3196141406854802
-1.3595932704606466
-1.3595932704606466
-1.3158958524600899
-0.71549609862648
-1.2553188912428266
-1.3389200719523702
-1.3595932704606466
-1.228839441733803
-0.3700167316212568
-1.3493645806343033
-1.3486361041737065
-1.3454732384106896
-1.35562495857826
-1.3295108530842028
-1.3207038068214865
-1.3287774556353935
-0.7224205826655865
-1.3414709468233235
-1.3433982785916299
-1.3385677733890264
-0.0008862099680998492
-1.17467189699955
-0.6463083865051134
-1.2734314718974633
-1.3522851168824332
-1.3879145871407834
-1.345789955357323
-0.5201811938063334
-1.0079159037188434
-0.3724784658814233
-0.018832409420533325
-0.44424465501291666
-0.11899957636441971
-0.7489014653401034
-0.15924853432378594
-0.28643596531951676
-1.2726967347073366
-0.8820394341390267
-0.6224808100083932
-0.3297262009929667
-0.09229508598142688
0.008478216414581463
-0.6058265531404068
-1.1999591057105834
-0.7825252932300364
0.00446571671613194
-1.3144251075675828
-1.3593129402190534
-1.35932412259034
-1.359226479117973
-0.7450711711084665
-1.3028909373076032
-1.338770844763197
-1.3380505568593066
-1.1008634799514934
-1.3421344856247601
-1.3368207334359368
-1.336233798436543
-1.35932412259034
-1.3386452623529967
-1.1108394617900632
-1.0113813692621632
-1.0314348550143568
-1.3360347344802266
-1.2726850365904898
-1.3392911851407932
-1.3597034109520267
-1.3546395536005131
-1.3542948391207168
-1.3502444490499568
-1.3490311898674534
-1.3290985401617932
-1.3391707190747733
-1.0682552834560235
-1.3052568604832002
-1.3537498230248066
-1.367645226720553
-1.35263760289555
-0.9711111271355699
-1.3038041595270866
-1.367645226720553
-1.352472997803813
-0.9650850782950064
-1.33916135253253
-1.3507163963116335
-1.3542463441924997
-1.3712986696670297
-1.3577408746658666
-0.10024398627599496
-1.3566680791552863
-1.3324004495908235
-1.0680125394265634
-1.3524035833538064
-0.9447338393977331
-1.3550869495682631
-1.35290893021179
-1.3532699462243465
-1.3504755083299798
-1.3534069343988802
-1.34696554951018
-1.339047237721183
-0.4083739148506098
-0.4652727246763335
-0.5425805998423965
-1.349602406899447
-1.3564589065902832
-1.1521875837981599
-1.3728226781725934
-1.3391707190747733
-1.3385259160172867
-1.3330045687212633
-1.1075096991708
-1.2789506915680868
-1.31100644440184
-1.3728226781725934
-0.7171984752986598
-0.09437072119813061
-0.7828067920725399
-1.220372016976877
-1.3260357912762202
-1.3728226781725934
-1.3539659125754198
-1.3439576049545834
-1.3571517085113203
-1.3739583364091499
-1.3519281452286664
-1.3564825287282
-1.3573971966672933
-1.3505233270004164
-1.35123343159573
-1.3483216831906666
-1.3517868196651164
-1.35447742249066
-1.3739583364091499
-1.35857547287265
-1.357095097854423
-1.2940497267086766
-1.3566555339240796
-1.3256526177665902
-1.3520865636756798
-1.3538491601895366
-0.6016604039991966
-0.15988424128426149
-1.3391140639798063
-0.2698829732699266
-1.3524994129225898
-0.27684818932177824
0.02333014435035141
-0.1351498336664937
0.2523846510885517
0.0652525069150004
-0.45770938739302336
-1.3191810359321399
-0.13329879595406335
-0.09558374574925921
-0.60343833775932
-0.2222250514284676
-0.0349240757472179
-0.7525257067126168
0.02803263486238139
-0.8260730497809599
-1.3351410538666668
-1.3329933371136335
-0.8028806584375598
-1.3290985401617932
-0.7447159409595232
-1.3349938610972365
-0.18823827126449555
-1.360835655158993
-1.3428965812784996
-0.18471330458319735
-1.360835655158993
-0.4147635258704032
-0.44958285240952645
-0.16121752730158656
-1.3590096688483468
-1.3262840012001935
-1.0249138445314967
-1.2980495649198636
-1.3496410224982265
-1.357273641690727
-1.354855467318837
-1.355007341627327
-1.3433982785916299
-1.3691692783274432
-1.3471675759951531
-1.0007779153642533
-1.331141415210857
-0.8637169265181699
-1.3485473049766266
-1.37117838292198
-1.369154131198417
-1.345789955357323
-1.3516654246298168
-1.3547965967109001
-0.9924863470435232
-1.37112304310592
-1.3710936657775465
-0.09614610244640198
-1.0146444405375397
-0.5457713178543866
-0.3350825370986166
-0.6249790943116198
-1.2632341429881397
-0.4653634287745698
-0.0701400749908565
-0.07614652164174363
-0.25427973106671997
-0.7609222795241799
-0.12153223076523767
-0.09992059738697867
0.10099651866407677
-0.20810105738004003
-0.3758520405352199
-0.07979924335564681
-1.1597320454251034
-1.0586617335462536
-0.4255506470468966
-1.2665702089776998
0.16330092716416378
-1.3529379015950398
-0.3389395670747666
-0.6585391214144634
-1.3439834607108034
-0.39451533661017657
-1.2786951744449402
-1.2320814382827932
-0.41533964098260334
-1.32735740090546
-0.49341985082678996
-0.8203989852868931
-0.33242668055740987
-0.5525692072303166
-1.33240175580972
-1.3581655864935738
-1.3350826811651602
-0.6519790170219968
-1.0900543226060933
-1.3563552952017766
-1.3376794927473332
-1.33508026971653
-1.351976405283967
-1.3429941459002697
-0.05179383458276676
-0.9730562963459264
-0.45475158298885
-0.8512088416098633
-1.29046031563385
-1.3420615672364833
-1.294864132845626
-0.8445822508966332
-0.6713298764921201
-0.8873438741192432
-1.34553001891457
-1.3459989060534965
-1.0809125875191734
-1.3506748942618665
-1.024962102391153
-0.5201811938063334
-1.353457677140633
-1.00032486404808
-0.3682767012787933
-1.3536418803045902
-0.13302191849971623
-0.11171749284846533
-0.49038357485467343
-0.48108967215356
-1.3483650647213898
0.0630331720080487
-0.8548085557478098
-0.8814053913663935
-1.0432994677817364
-1.3444045771836
-1.0159513721401598
-1.3663584686534098
-1.3663263895022832
-1.3663263895022832
-0.9895341985000166
-1.3663263895022832
-1.3663263895022832
-1.34146367072377
-1.3663584686534098
0.04838490068526158
-1.3663263895022832
-1.3663584686534098
-1.3465331378874068
-1.3663584686534098
-1.21756260469656
-1.3663263895022832
-1.3663584686534098
-1.3663263895022832
-1.3663263895022832
-1.3663584686534098
