-1.3614002740444198
-1.3613654718317934
-1.3613964115233363
-1.3612824424295469
-1.3612843504516565
-1.36132612734874
-1.361389029717413
-1.3613973633694498
-1.3613905112840903
-1.3612895222882164
-1.3613215381403667
-1.3613805169640498
-1.3613476045938735
-1.3614048301667832
-1.3613804045916562
-1.3614042861046567
-1.3613292398763832
-1.3613307436803903
-1.3613498565823434
-1.3509047719353764
-1.3640048870861867
-1.3497718989474534
-1.3510422055032465
-1.35518017345745
-1.3642980099258968
-1.3623320320852104
-1.3643146515587534
-1.3642449176223002
-1.3643030141124632
-1.3642595530278068
-1.3642213306861
-1.3642246279617298
-1.3566451936344799
-1.3420615672364833
-1.3642659623329298
-1.3616945449894766
-1.3641734722842735
-1.3642853187240402
-0.23534386887236658
-0.30510405977435995
-0.10931849112817726
0.018992841747252354
-0.5529712581812298
-0.04832335718987457
-1.3193713337370268
-0.1937532859839317
-0.3832421260686434
-0.7910366259575168
0.03931917508333138
-1.1969745402682568
0.016945308754578114
-0.26327986061957986
0.1183236526593564
-0.3181828222040701
-0.6750297528429998
-1.3453505049247698
-0.4782286323020033
-1.3510505090410998
-1.3587183707373365
-1.3461150851836132
-1.3593011912757835
-1.3054059557805435
-1.3567186614140399
-1.35909215157863
-1.3574993457023767
-1.3578907859316867
-1.3596722243584702
-1.3515955569962568
-1.393493055261477
-1.3565428864428366
-1.3570938276001665
-1.3487989995879799
-1.3589419036845634
-1.3577699690737934
-1.3735185661525469
-1.3584410607133166
-0.8392190165471567
-1.3454820541533938
-1.3432739566299636
-1.3483982356502167
-0.7517888687989165
-1.3418717124966566
-1.3381240748533032
-0.6746473477865067
-1.0601068497707267
-1.2994605174011133
-1.3490536615667827
-0.7099262156683566
-1.34871495162698
-1.3151931505437302
-1.2086203534867697
-0.2302512454503456
-1.0547844462672067
-1.3551135543571697
-0.8261185065963366
-1.3547297343364897
-1.3565593418823503
-1.3684419339628833
-1.3582399121429334
-1.3507554302823528
-1.3588127005422703
-1.356849616083863
-1.3543110922999166
-1.354749065310683
-1.35957583342219
-1.0569945785167834
-1.3592916194796767
-1.3521542395298232
-1.3525949567143596
-1.3540392261154097
-1.3558696422248802
-1.3568609809403935
-1.37661704026787
-1.3308644461575798
-1.3549960315485898
-1.3280003598758134
-1.35613063282061
-1.3571705802733036
-0.2230102090607684
-1.35749431225016
-1.3463871933675264
-1.3592311378746698
-1.3563725997642329
-1.3509110940149833
-1.3542559430271468
-1.3505091737211137
-1.3580438905567198
-1.3570005130827498
-1.3553855975506268
-1.3439834607108034
-1.3559484053180966
-1.3540071546762933
-1.3549144933053534
-0.5080018353799867
-0.8789998561368864
-1.0341086283227134
-0.6575710075446801
-1.3361468835250334
-0.5340891630331601
-1.35264944004967
-0.5355888679044565
-1.2532408363305634
-1.3521987783110268
-0.08191381667751152
-1.3523832467046901
-0.6427043154140331
-0.5123279484137166
0.04864599019449989
-0.4652727246763335
-1.3496038199336633
-1.3678308767693195
-1.3395228214420465
-1.3479901755872565
-1.3612460943251863
-1.3612654865210367
-1.0039996077029196
-1.3487836562959332
-1.354949603142383
-1.3483390087319633
-1.3612718957216265
-1.3404679992046433
-1.3237105416905068
-1.3433487441731367
-1.3603445187354661
-1.3612778574749567
-1.3608382006031063
-1.2749480414257799
-1.33448850904252
-1.0538159534624596
-1.3549500951048232
-0.9014567008562666
0.14885596852081606
-0.6811365811248999
-0.6506857421196832
-1.3475363344428666
-1.30530512512316
-1.3485473049766266
-1.35090189284269
-0.6872852316012832
-1.2940497267086766
-1.3636493870646467
-0.62233035275052
-0.3611948839560901
-1.1325012279147166
-0.6503526171752301
0.08847755355861509
-0.5111265721121232
-0.8610776011232766
-1.3515622949481334
-1.3409684179884467
-1.3313134845845997
-1.3403858195997933
-1.353334717119833
-1.3116139142236865
-1.3508584111934967
-1.3582035710674165
-1.3407995654347267
-1.355733824866593
-1.3350756494795433
-1.36649915433039
-1.36652467962973
-1.3476242456502532
-1.36652079384892
-1.347512032943583
-1.3245710892496199
-1.3637061687589798
-1.35945853437351
-1.3527027167422934
-1.3427865070095835
-1.3435637823761732
-1.3471228334305434
-1.36907909561153
-1.3701599773173467
-1.3701286758093834
-1.3555697414523533
-1.3141172387128597
-1.3700228898705369
-1.28739758486305
-1.3463674582084804
-1.3691692783274432
-1.3555073305272933
-1.35097206399487
-1.3534285874512468
-1.341221463723
-1.3550753855143465
-1.3154960369876898
-1.3557547666925402
-1.3054142625844465
-1.3455207945209233
-1.34850515896325
-1.3685422252998767
-1.3686078646472835
-1.3548618361705667
-1.3600131569661134
-1.3410102425170933
-1.3541776657671263
-1.1837195194748569
-1.3463827566899167
-1.3549146107358068
-1.3542528789409736
-1.3685389843018796
-1.3538603303538896
-1.35529133197393
-1.3552829764656034
-1.33984333362308
-1.1575027638994333
-0.6871643522309165
-1.3544430412400401
-1.3561754822253733
-1.3561835455895332
-1.3518482213273435
-1.3569057645999139
-1.354007672277453
-1.349807774812827
-1.354742891516143
-1.2994585017123534
-1.34956514074179
-1.3530355266261598
-1.3507039989661602
-1.35857547287265
-1.34378001838477
-1.3474304739938332
-1.3462829430788932
-1.3539226786798366
-1.3549455862343036
-1.34919383055674
0.024897281992702358
-0.42767605598713
-1.3593129402190534
-1.3449174089452631
-1.1125069794153502
-0.4272176425172567
-0.7815905889271801
-0.9514468389527799
-1.2289014407631234
-1.1506086687965598
-0.7828067920725399
-0.4585295497430133
-1.3485907130173098
-1.2592703435884105
-0.93354207489738
0.1763377215561257
-0.49454920296263327
-1.3016002260402635
-0.46975669877714
-1.3506885009708403
-1.3550662321251266
-1.3566717188434732
-1.35487526364359
-0.36561015553207343
-1.3496528714489435
-1.3187576386249402
-1.3313531339535065
-1.3481506674241168
-0.9834936949932731
-1.34915987864975
-1.350762368575983
-1.3514053280889535
-1.3524189185156699
-1.3399936449954697
-1.3432004371178068
-1.3489990734374264
-1.3455831115948933
-1.3448626175535234
-1.3538791712148535
-1.3507646891565668
-1.3467304338047965
-1.3542079486181735
-1.3489914249370303
-1.3543230412917295
-1.3418441594421604
-1.3454320671381734
-1.3417635690231662
-1.3746728217244
-1.3501623201148298
-1.3418407729088364
-1.3476137143257065
-1.3433675716614233
-1.3409273380022166
-1.3331576513616104
-1.313736560012067
-1.3746580945287166
-1.3370147582544596
-1.3487860461157797
-1.3506234812206466
-1.3538349427146499
-1.353408045970823
-1.3407779550930932
-1.3459749544844963
-1.33916135253253
-1.3505171892939836
-1.3360122303283934
-1.3554923818612399
-1.3435283912020033
-1.352585209651997
-1.3423847035384235
-1.3494953517025263
-1.3028909373076032
-1.3333146751257137
-1.3504651629172302
-1.350214194035897
-1.3477161673147533
-0.5215960557784767
-1.3349301639500664
-0.42086791153342995
-0.6269885020461368
-0.6985734129710266
-0.6244018824272333
-0.74897017282856
-0.6044874871095933
-0.5311493801728799
-0.7847005379679102
0.05841548072148328
-1.2641262756907734
-0.6781685221168166
-0.48381995585533333
-0.08958380863246929
0.04942827992914134
-0.4837927482318134
-1.3542800634084133
-0.6228700710379398
-0.6850415188818031
-1.3364199099575464
-1.0788302983126732
-1.0809125875191734
-1.2885732168840565
-1.2433151259781199
-0.6904432113726502
-0.5369399792938301
-0.231421830274388
-0.5385030282632866
-1.1978027720391398
-0.7589467587955268
-0.24429148869353434
-0.1112932054880903
-0.4621081257305666
-0.6519790170219968
-0.47484030187050674
-1.35027657987359
-1.0808052784509166
-1.2409893236929967
-1.3516067522902602
-1.3468595044127931
-1.3309189252492035
-1.3177880555356336
-1.2930673362811498
-1.3186148834760298
-1.2082874133857333
-0.3599046686960199
-0.9745662711206
-1.3479551400795935
-1.2760923726985536
-0.6739872780763498
-0.7969133627706431
-0.9357111679854933
-1.0395788906281032
-1.299322645276903
-1.3344617589018903
-1.2612386685012034
-0.02873658219711428
0.03659743031549134
-0.3350825370986166
-0.31106034600156995
0.039816772405878
-0.11187669314070092
0.09018325494835999
-0.10703949970702231
0.1439247514858617
-0.06526525764819358
-0.08980134686478591
0.05307802689977181
-0.37308103878396004
0.17177187184079268
0.24145924254478268
-0.06636531972936766
-0.15012937203802534
0.014801938638835055
-0.1630601006128506
-1.3593721998887331
-1.35973003601094
-1.3597210132421602
-1.3510083739669598
-1.05823932397847
-1.3197281632011664
-1.3344007906927398
-1.34553001891457
-1.3437596759397001
-1.3454144530533934
-1.3301003253772565
-1.3597278967146704
-1.359711600645897
-1.3270601116803502
-0.8551771433859168
-1.1925587231148465
-1.3415771941521197
-1.3597129712806466
-1.2462103708586736
-1.34174501389169
-1.36145702757997
-1.3614717492384534
-1.3602722766788369
-1.1903466169455734
-1.3368207334359368
-1.34876820241479
-1.3484517817438535
-1.3277603941499065
-1.3498488699700064
-1.3470319455704969
-1.3482077864294864
-1.3614588254502569
-1.3486843067446297
-1.3209324503377435
-1.2701499076494298
-1.3089236081415132
-1.3478786540821632
-1.336494470633757
-1.34043423234818
-1.3600244734215
-1.3551946277059264
-1.354515727850257
-1.3500262885624532
-1.3492139539951666
-1.33450254417374
-1.34146367072377
-1.13055163613211
-1.3233965924795732
-1.35426364442979
-1.3682527110498066
-1.3536955851458834
-1.0175627666255502
-1.2970185953941598
-1.3682420584409565
-1.3531704026614233
-0.9010011060956769
-1.3404547999286405
-0.7313830371486931
-1.34821138945055
-1.3563891466416433
-1.1914729489585267
-1.3724914953482767
-1.3406643726529164
-1.3393445117409732
-1.3108078076343603
-1.1521875837981599
-1.3076487397573198
-1.3262927341367865
-1.3724564867803033
-0.5903466670673836
0.06438835035028612
-0.8441960221758766
-1.21309055585114
-1.3312450432469132
-1.3724983334938865
-1.3537700832527633
-1.3462867930252433
-1.3575978183368664
-1.3762912971162367
-1.3531975890896901
-1.35713083358181
-1.3578595153056034
-1.3523757077043301
-1.3528525277786398
-1.3500529815135498
-1.3528782948557097
-1.3547599513420931
-1.3762739901052403
-1.358928079853626
-1.35754730830095
-1.3319939889560763
-1.3570281753115503
-1.3328106916125635
-1.3532042279463967
-1.35462820349042
-1.2726850365904898
-1.3489617978178567
-1.3485982077396401
-1.2761706806162265
-1.3482723299485402
-1.2130472595959265
-1.3494781915617766
-0.44372324531356333
-1.36718819359529
-1.3515030886472563
-0.45450176202950665
-1.367211275662347
-0.7365292165200297
-0.7429262053732602
-0.3103199241480532
-1.3612217142311134
-1.3459282008874363
-1.3314460080918864
-1.3445434679589998
-1.3516919576037933
-1.3581328598713935
-1.3562659104375867
-1.3564517909794662
-1.34563776860176
-1.372509698180913
-1.350397716300923
-1.25732860863168
-1.3439576049545834
-1.0666043997555599
-1.351674356324163
-1.3736430975624665
-1.3724244203393967
-1.3476756938593435
-1.3533250869742601
-1.3563269659227664
-1.0579202019058167
-1.3736279467586363
-1.37353026563749
-0.38211698133456995
-0.6770119412083699
-1.35289662837893
-1.1767045825051399
-0.87132884202091
-1.34714643123217
-1.288025925212073
-0.023913312588731972
-0.6736085642183267
-0.24242394634529574
-0.5073003176815167
-0.8203989852868931
-1.258739348468663
-0.8767211826173764
-0.4545466452591833
-0.3732615030556332
-0.5589649844378799
-1.3327189087161533
-1.3336337780444434
-1.3668250747668234
-1.3666664458847801
-1.3665801601958196
-0.9975209576742465
-1.366529589692957
-1.3665853284311202
-1.3444247187599903
-1.3666742815092534
-0.008765369797881561
-1.3665382239984099
-1.3668948655632769
-1.34688008775654
-1.3669173077780798
-1.215830102954233
-1.3665517272034502
-1.366677334868553
-1.3666613933532132
-1.3665271546361302
-1.36689233736826
