-0.010505662347179978
-0.16121752730158656
0.0660594611199724
-1.3572377838958234
0.18829668575346103
-0.2187891868653662
-0.0822107057635546
0.021526928813107804
-1.3309130751936897
-0.08796743830679432
-0.34227745133614995
0.13204975880326064
-1.06987224774392
0.0718778231899071
0.19307578888114807
0.20974133848190968
0.1384522799052953
0.1390658622951637
-0.15761553636260628
-0.16216106581837197
0.07196669794540167
-0.07537668383029927
0.178449653003101
0.09879183422154958
0.04436011690659203
-1.2610400554835666
-0.5517085608924399
0.209011674705597
-0.2729056337966165
-0.8258010511394733
-1.25944606908284
-0.42976685751551336
-1.0538159534624596
0.2298754966356844
0.12251955593103236
0.006551254483969315
0.15960909737029294
-0.12865251804354294
-0.026841587700876524
-0.5625150632808298
-0.24946626138515993
0.10448506283394943
-0.2056137747258573
0.005599908077030036
0.2250777566404144
