-0.19150903624170368
-0.1390658622951637
-0.0702031102902757
-0.0718778231899071
-0.23959854371776135
-0.2570905901203543
-0.13564793612973036
-0.05307802689977181
-0.241350849426616
-0.1045745024801864
-0.29337204911795167
-0.18970322319681576
-0.241350849426616
-0.24558801154867305
-0.20982270828576366
-0.15395636101853505
-0.24141243657118472
-0.12869414166019066
-0.2723840157226053
-0.242852566478014
-0.173564239012178
-0.1322882974104871
-0.26277048457250896
-0.21580631629056313
-0.19212330084238094
0.36773357726558675
0.2289124606832207
-0.07024357488056043
-0.19389904523104773
-0.043112775912999446
-0.2189921588362308
-0.17847460078858335
-0.09521474898964677
-0.2872505303789217
-0.20891971656441843
-0.26231373945966807
-0.2739652642202943
-0.2493525623329731
-0.12857524611635407
0.09450130050909011
-0.2551139457255157
0.09614610244640198
-0.23707624817950967
-0.032843120954405336
-0.19307578888114807
