0.0
0.0
0.0
0.0
0.0
0.0
0.0
0.0
0.0
0.0
0.0
0.0
0.0
0.0625
0.058823529411764705
0.05555555555555555
0.05263157894736842
0.05
0.047619047619047616
0.09090909090909091
0.08695652173913043
0.125
0.12
0.15384615384615385
0.14814814814814814
0.17857142857142858
0.1724137931034483
0.16666666666666666
0.1935483870967742
0.1875
0.1893939393939394
0.23529411764705882
0.22857142857142856
0.2222222222222222
0.25
0.2631578947368421
0.28205128205128205
0.3
0.2926829268292683
0.3333333333333333
0.32558139534883723
0.38636363636363635
0.35555555555555557
0.43478260869565216
0.44680851063829785
0.4583333333333333
0.45408163265306123
0.445
