0.006114118695793539
0.009512446834451889
0.014958415314663293
0.01784689327524836
0.024103452884295738
0.02592617666259115
0.02761160273038424
0.03386045946523579
0.04242469524565245
0.045915188198448746
0.05086850355577199
0.0552120402739292
0.06181261807453062
0.062217304898639095
0.06502733896808999
0.06818333421834122
0.0709804182334431
0.08091094354135399
0.08580960391227
0.09396434922688462
0.09687933050387126
0.1070757257665943
0.12249055456183838
0.12355971230939278
0.13182715627680253
0.1428521720194868
0.14886682420416994
0.1704437680634251
0.16262976787223377
0.16492680846899976
0.17293720883369235
0.1941552031912901
0.17299559423824787
0.18882427366071933
0.2033080865637448
0.2092054939852663
0.2037625539760341
0.2735928120624056
0.2711883902906268
0.2868238446571141
0.29905448045965477
0.3152553528855097
0.32808852986188963
0.3603724801608067
0.39898161446294705
0.42999097059702196
0.43102783661606653
0.4285152808360117
