0.007837743535629346
0.01588821143084853
0.02101779242164612
0.025328208100711444
0.029802019891152096
0.03526571598677027
0.043785235023518165
0.04841735628507034
0.050294786281227744
0.05967449825992702
0.0632642994203505
0.06430917718955309
0.07846526430636572
0.07767686431363768
0.08162434391620989
0.08817150493782014
0.08962787026921493
0.09796525652814178
0.10322790284645644
0.11375092937807313
0.12794089756510468
0.14415472876717814
0.14410423997337946
0.15911206123136928
0.16367753219926356
0.16359091148274324
0.18564989409687122
0.17842774317847107
0.1806731599295692
0.20645335026585132
0.19498624353037655
0.21597628152571208
0.20936168700184166
0.22140683198303773
0.24247249210820435
0.2535492109790727
0.2896588545998433
0.3017515422704661
0.30307377319027473
0.35052730819810174
0.35103181083259793
0.42536085049425376
0.4126311375035925
0.44618057026903774
0.46664429422081555
0.47789745965176805
0.48072742571209565
0.4838535342482584
