0.0
0.0
0.0
0.0
0.0
0.0
0.0
0.0
0.0
0.0
0.0
0.07142857142857142
0.06666666666666667
0.0625
0.08823529411764705
0.1111111111111111
0.05263157894736842
0.1
0.09523809523809523
0.13636363636363635
0.13043478260869565
0.16666666666666666
0.16
0.15384615384615385
0.18518518518518517
0.21428571428571427
0.20689655172413793
0.23333333333333334
0.25806451612903225
0.25
0.24242424242424243
0.29411764705882354
0.2714285714285714
0.2777777777777778
0.2972972972972973
0.3157894736842105
0.3333333333333333
0.35
0.34146341463414637
0.40476190476190477
0.3953488372093023
0.4318181818181818
0.4444444444444444
0.4782608695652174
0.48936170212765956
0.5
0.4897959183673469
0.48
