0.0
0.0
0.0
0.0
0.0
0.0
0.08333333333333333
0.1
0.09090909090909091
0.08333333333333333
0.07692307692307693
0.07142857142857142
0.13333333333333333
0.125
0.11764705882352941
0.16666666666666666
0.15789473684210525
0.15
0.14285714285714285
0.18181818181818182
0.17391304347826086
0.20833333333333334
0.2
0.23076923076923078
0.2222222222222222
0.25
0.2413793103448276
0.26666666666666666
0.2903225806451613
0.28125
0.30303030303030304
0.3235294117647059
0.3142857142857143
0.3055555555555556
0.3716216216216216
0.3684210526315789
0.38461538461538464
0.39375000000000004
0.3902439024390244
0.42857142857142855
0.46511627906976744
0.4772727272727273
0.4888888888888889
0.5434782608695652
0.5319148936170213
0.5416666666666666
0.5306122448979592
0.54
