0.019915358086318263
0.028759225476223584
0.03143185478643207
0.043472393653352974
0.0468000284897557
0.04644102200856282
0.05831345024467612
0.06342822267161582
0.07030930255006287
0.0746709628002444
0.08791516632804314
0.10148087488198232
0.10149705743964799
0.11383758067066016
0.12160870010643404
0.11990109463590853
0.12092918312470208
0.13484573140201322
0.15301553689474723
0.15807937588149246
0.159595825477895
0.16502295534976202
0.17047339377591966
0.17503735975468407
0.19349911361172575
0.20194891395331455
0.19616201277047313
0.2297332566601912
0.2285659908684939
0.23818180346335707
0.23205602701110326
0.2515356415466861
0.24576318756376567
0.2855705005010839
0.2892678410202374
0.2964390851268136
0.3183987949279946
0.38512889555887864
0.382213741883994
0.4013048445741939
0.4190999286770274
0.43740847190263166
0.4666178732677859
0.4744127834623509
0.4976653442629233
0.5006276387889239
0.5073286345565272
0.5116098054987328
