0.13237528992021896
-0.1385976210447163
0.19081175368747605
0.04136020213483038
-1.3468316498449968
-0.09358328262414795
-0.17092750759516695
-0.16836702385448044
-0.25948887211091676
-0.37702380301277016
-0.9575650659522834
0.14131897743331734
-0.39211037022191664
0.15122349475373242
-0.10736321271511062
0.08755275962778264
0.06736742962666276
0.11374430127605561
0.16179267371343364
0.09808480184947743
-0.11604392520588025
-0.12764750876832365
0.024505500910850686
-0.10159367937651564
0.1252065661418127
0.2219502424732267
0.0908833177640247
0.12848970920255331
0.03148697217480623
0.04069205253793706
-1.2408916685240734
-0.42163955230019656
0.015699730116401134
0.19089771843505998
-0.15064450257360562
0.17566542651905004
0.018223986623211452
0.2446410993720246
-0.26007002436363647
-0.1316396109968112
0.06584063624998626
-0.38818270244235986
0.08810526983331768
0.1600348838786434
0.17685600864487938
