0.0
0.0
0.0
0.0
0.0
0.0
0.0
0.0
0.0
0.0
0.0
0.0
0.0
0.0625
0.058823529411764705
0.05555555555555555
0.05263157894736842
0.1
0.09523809523809523
0.09090909090909091
0.08695652173913043
0.125
0.16
0.15384615384615385
0.18518518518518517
0.17857142857142858
0.1724137931034483
0.16666666666666666
0.1935483870967742
0.21875
0.21212121212121213
0.23529411764705882
0.22857142857142856
0.25
0.24324324324324326
0.2631578947368421
0.28205128205128205
0.30624999999999997
0.2926829268292683
0.3333333333333333
0.3488372093023256
0.32386363636363635
0.35555555555555557
0.391304347826087
0.4308510638297872
0.4583333333333333
0.46938775510204084
0.48
