0.010769755965789576
0.01873534682835143
0.022344784103664486
0.02693806195648568
0.034227561455200256
0.03458207025059963
0.04121081584383073
0.04545960110386592
0.05474087911454116
0.05930374067959115
0.06399680213006584
0.07221106614086262
0.08055714996009308
0.081378466021025
0.08674323997611452
0.08795191421588351
0.09005870891155619
0.10457015057015127
0.11475012218392663
0.12522164327669408
0.11874587007736126
0.1248148080209768
0.14033623837776318
0.1402635994466604
0.16361850460447977
0.16650270114303403
0.1684659144754291
0.20371786219094012
0.1895772500236902
0.1989268139549601
0.19251689674542663
0.21286875276702585
0.20020822746409123
0.22803850790773955
0.2375820210315288
0.2553851967727754
0.2579364782346703
0.32109979800667326
0.32127152757619254
0.35494229113384157
0.3609788153882513
0.384020389264602
0.38123372928898125
0.4227659085782435
0.45666281196205627
0.46811842914912316
0.4780178918885513
0.47619442259872574
