0.0
0.0
0.0
0.0
0.0
0.0
0.0
0.1
0.09090909090909091
0.08333333333333333
0.07692307692307693
0.07142857142857142
0.13333333333333333
0.125
0.11764705882352941
0.16666666666666666
0.15789473684210525
0.15
0.19047619047619047
0.18181818181818182
0.17391304347826086
0.20833333333333334
0.24
0.2692307692307692
0.25925925925925924
0.25
0.2413793103448276
0.26666666666666666
0.2903225806451613
0.28125
0.30303030303030304
0.3235294117647059
0.3142857142857143
0.3333333333333333
0.35135135135135137
0.3684210526315789
0.38461538461538464
0.4
0.4146341463414634
0.44642857142857145
0.4418604651162791
0.4772727272727273
0.4888888888888889
0.5163043478260869
0.5531914893617021
0.5364583333333334
0.5510204081632653
0.555
