NaN
-0.0020425958402174936
-0.0016016681447142513
-0.0038194111460461097
-0.002916173668378363
-0.00959430248362416
-0.008427929458029218
-0.012645452529223
-0.014897599619988154
-0.015251728750266088
-0.014577989670932177
-0.017008609040268696
-0.022208251928213255
-0.02381012157056359
-0.02276037700732336
-0.029851182825849292
-0.027963522310870424
-0.035129065543135905
-0.03767941378714962
-0.04059777377277936
-0.046286749713217584
-0.051624944136364266
-0.05052356116841183
-0.06201978745702903
-0.06279161728167351
-0.07188318886965933
-0.08646490324199646
-0.09025442786012663
-0.08668718455425545
-0.08777812025760698
