NaN
-0.0002235739039680314
-0.0011914481898134522
-0.0015798335824437708
-0.006301364007855091
-0.004161342080291361
-0.004415229204348215
-0.006404820980677146
-0.007711209114980826
-0.009927349142632384
-0.011626331438419126
-0.011745884609014457
-0.011649937466312307
-0.014367905163819979
-0.01266258649671091
-0.0205577624249574
-0.013265586448486296
-0.01789774099366804
-0.0195974994400901
-0.02112011680504122
-0.02040197931117126
-0.023535440308824988
-0.02607256048590532
-0.024876278465287054
-0.03248115862781342
-0.030113777221571568
-0.034737060246840236
-0.032431239942138854
-0.032305131230034576
-0.027560968102965357
