NaN
0.02484180010589183
0.03411881726813757
0.04072558482645092
0.04299024285560376
0.04718422985884229
0.06447388881053728
0.05772810772161096
0.06854208670732051
0.06925921904359716
0.0753742012561957
0.07783509515776074
0.07810910080761416
0.0892590781682958
0.09902266417371272
0.09648507837917854
0.11454361633478999
0.11664802430619658
0.12773270384899504
0.1402903598209567
0.13797977708206932
0.15087436308569838
0.13977083719154104
0.14813906374454275
0.15551611464971127
0.16927102462062843
0.16229100474859282
0.16947572745432155
0.17108395856712885
0.18010958705446165
