NaN
0.014405248225799605
0.01731579892820175
0.024886110748412495
0.039144947474975454
0.03148943338141467
0.03443452215612866
0.041722811812328967
0.04295031994151187
0.05275878317437132
0.05708061053290918
0.05644215742112518
0.06044361388158194
0.061887836632884385
0.07050935843035215
0.07615927872075576
0.07975477366573884
0.07716645944759577
0.08593185285843244
0.0915128615889671
0.07844024544483812
0.09578696989922994
0.09261452875618319
0.08592311368540122
0.10673571062487419
0.10457477745626104
0.11000789333195495
0.11467919755963076
0.12441293153017562
0.11490880159167297
