0.46722407895173407
2.252621072903263
0.9989033561470658
1.6981883401474183
2.2083789297648866
2.5124607093027453
0.626788604045604
2.0256992383088637
1.0238537375852155
1.3248509343761885
1.008544960021935
1.5105022404659607
1.7374933468159302
0.7310971993061962
0.18374593986194926
0.42867512110120976
1.063626392931474
1.6426066097056358
0.18526850287471194
0.15222666492119005
0.907875644910834
0.08276123405687318
1.4902195098966495
1.0519942139991374
0.8443211681346743
0.03418784965645883
0.5187900583578162
2.1108035323112815
1.362833756597578
0.15735880908265704
2.2961813424100437
2.097608122638547
2.026083100331643
1.1758664074413294
2.002345921403723
1.149665292788789
1.9667475477617045
1.5418404697514412
2.1772818448833133
1.7699933426621295
2.1610505051804925
2.2081351158425377
2.215050792344766
1.9625247238003936
2.5680244172777993
0.868695436906066
2.0251867340240457
1.9950467830057652
2.0923152683651463
1.501166510998307
0.766364686588144
1.5507577400952877
1.8346208943825408
1.0980890315490568
0.36493303310073855
0.09722930243931259
0.9103712477234271
0.926232769573808
0.879958053322836
1.9932282285623784
2.206675840013149
1.4758778772834484
0.9329160667635955
2.150107819197976
2.3610105480946038
1.6903974111093318
1.4535908545242142
1.1981940652779275
2.3672861411716126
1.6222641573507859
1.0794639630023564
0.5307827070253682
2.318850711936806
0.4901798562643154
0.6534483527480998
0.7954641529238762
2.2808531934658283
1.743310707651323
0.20124084532394723
0.06376953793070451
0.04595100800444215
0.5894698156519959
0.35270305913435956
0.42913781289908304
0.1562565797912801
1.6119898162306308
0.8097099864303225
0.8731458969599298
2.33017460960474
2.2630621378719766
1.1165520988522344
0.4336812513463161
0.35002561337217375
2.0693758117249823
2.1733118792375943
1.2013485325267834
0.3934505342619306
2.263589208319644
0.33959331881144733
1.2581374697256318
0.987862424466854
1.8688708759708668
1.7100458390680195
0.49270813162411586
0.1724222568193728
2.273884603471534
1.9382516781426147
0.2871366560837518
0.9400282807082225
0.44196708462270173
0.312753133338192
0.5246220635762393
2.567493905987285
0.10126512936718365
0.591870731560928
1.8820186393584564
0.3679609262881803
0.25655990966725534
1.9087852660482536
2.5863304300481227
1.6992857958990386
1.6733603198327285
0.43109939716300355
2.375958387276665
0.4802306687922711
0.12957661359152775
0.38981174136528585
0.15193505081454756
0.6535681086459518
0.16164107442918155
1.7419515789770421
0.5388162475473162
0.9380429393337593
1.6994235325436449
2.48994396737567
1.1331634772040793
0.5395556044263949
2.2255178386078014
1.6681811616300157
0.338533932825609
1.0275778452436648
1.86563614468429
1.0954970285359233
1.8335115374826456
1.7587558724610615
0.20441954055577857
1.3429656203622262
2.3814236914739455
2.417198276144638
0.8210902968891433
0.24605836333531445
1.9286867665705245
2.0960327148168973
0.22811418162061423
0.3972008382623805
2.485073678546374
0.5962929018694788
1.7658933876051934
0.2179868131035204
1.5268791193021571
1.3096698816876993
2.2334669569044308
0.1339651214424372
0.683286426116088
0.2417575151913028
1.0012906769553522
1.9745189248184603
0.7956546884980176
0.11907433078849056
2.2221153860827436
1.7442713293405194
0.33360567157737264
2.3935149330540435
0.22980996869805054
0.5375563079545029
0.079804693660543
0.10738588334572535
0.5307859645583975
0.04816306220863345
0.16996208768807583
1.0286376907124948
2.3458904141015204
0.8087939210022544
0.522683749480631
0.12029529630845416
0.6990041166626195
0.33190339649427547
1.2371689605781093
0.3673240730981451
1.635059268724617
1.3066909495447039
1.0305444821491792
1.861003977704934
2.2403147134281403
1.9216722362272052
2.076841774564368
0.4867692094447921
1.824040226791424
0.7885845928535723
1.301048908295841
1.2339029229720322
0.692108797887408
