0.36964627622754553
1.3749011050546778
1.250445757895271
1.050064380875045
2.177847243474687
2.3412689968291285
1.9418765807687646
2.2484105442785705
2.343645358782511
1.7551418720329992
2.0260809013927283
1.898132728437719
2.219194804636104
2.347014494659327
1.7631247989004109
2.0801663483687607
2.2480913318829074
1.2846217732635143
0.14154701360020602
1.5690596572169961
2.1727303534258158
0.12570622550487945
1.9017325622413719
1.9696611481917436
1.8307852068985062
1.6980285245723612
1.888450838183191
1.9152829024543618
1.7024544010627185
1.6087524164797014
2.434430804399012
2.307775760510236
1.857822266718347
2.19195944251149
2.2667910629420063
1.586180583133342
2.523010084902149
2.211369451032834
2.4343542086743764
1.4803573551212945
2.0855085546445244
2.152058269885429
2.512642091370393
1.670885796906966
2.5303483357234704
2.033017276001051
2.4752252364916028
2.4164608844308004
2.407939180707859
2.117032799219377
2.4310609846802946
2.422466949741528
2.4617565660119762
2.2770549408727057
1.9517621008158519
1.8021074589671082
2.342944034712326
2.213970044188389
2.564061175682092
2.7623373528432213
2.5942083826234343
2.553824978522347
1.9233799353235885
2.430942428269556
2.5523367457183324
2.1367229679364934
1.5852311152114003
1.6714401766134392
2.3866388613487173
1.8720397431888622
1.155600849381536
1.9201510677419926
2.5893689362154615
2.1678182668953054
1.630832477147107
1.6844857803114666
2.385064808159151
2.6681893021609087
0.17611598913660176
0.8650267364345554
0.40494209263727365
2.0186461712635846
0.6587275196604357
1.8042383285463415
1.5763860809111583
2.092642573033625
1.0425772137421507
2.0348977293510018
2.236688094106097
2.5783159393936312
1.7975600430759722
0.9225690445043595
2.3072881640569625
2.2913978458716917
2.393005727680039
1.747009507059858
1.969250338185718
2.231508307495813
2.526753656273566
2.0355397722793933
2.1911411395844795
2.3126700192088947
1.9861487644952889
0.8069972589061996
2.1740914444149833
2.567973912842304
2.537880247351798
1.607306484419753
2.271774853414845
1.9195171588977946
2.4978956003824386
2.031461602322452
2.6508028074090038
2.0647331232216914
2.3794479456511044
2.1730033483165587
2.130997732869371
2.066651540336997
1.8969837452865232
2.3386225349226955
2.1420177894665136
2.3137488852608
2.1339738336430214
2.550779440518606
2.4994672656615444
1.740641265832075
2.3704614159242428
1.6567347899205083
1.0745501036113965
1.2219105100817949
2.425484278879776
1.6297169635668778
1.9083455162254366
1.9595593259629702
2.6404354439054836
2.0529559899531895
1.5864523176021448
2.418579426615317
2.4481996969431417
1.6282860914852855
2.5301385393801783
2.5573826740141974
1.9565992020545595
2.40318483276538
2.4369180670407466
1.8516305373699264
2.263248782972822
2.3771503831950094
2.39509223281568
2.366445775498473
1.7004578988482186
2.300978627747198
2.330547692600546
2.1919850223789923
1.3073075187156769
2.5739856991670087
2.5163526733216117
2.3460873491793026
2.3219011866465182
2.3539564275312546
2.565673621727058
2.574515858879827
2.170562011473068
1.6788886908594096
2.1793433975458383
2.0874271902749757
2.224779459037006
1.69337741718381
1.5013578639281404
2.4300371798682443
2.097552574080605
2.189249155591775
2.6284085638017847
1.7372815157154775
1.5757148672413632
1.9025427216655522
0.2798228480102121
1.1706599333366692
0.04941276126192959
2.3167080505848716
2.5492267253867955
2.692729040532276
2.2011537272422657
2.380041112684515
2.4780859174145924
1.84641250507774
1.3401811910948682
1.838069470873051
1.088878564447719
1.7495873519693084
1.6726570292352079
2.5727091828774116
2.530169649318937
2.1222750839694893
1.8052008616086983
2.3159162952104495
2.0191194307815303
1.7832930806454201
1.690211039491023
1.6959582944983325
1.3440199091059204
0.6232848893530128
