1.0
13.928809012737984
65.02206650257867
194.0117205133309
452.9872897985596
905.6799459279664
1626.9438030745541
2702.3522012628864
4227.869132265763
6309.57344480193
9063.42204273218
12615.042993497509
17099.55225712071
22661.38950748306
29454.169682104817
37640.547696542824
47392.09432657602
58889.18167418009
72320.87694074392
87884.84346448937
105787.24815947193
126242.67463505609
149474.041387263
175712.52454390528
205197.4847190442
238176.39759276708
274904.7878823841
315646.16641299607
360671.970030609
410261.5041308155
464701.88760151825
524287.99999999965
589322.4308034691
660115.4305885407
736984.8640093037
820256.1644560841
910262.290287913
1.0073436825413486e6
1.111848224026822e6
1.2241311997312466e6
1.3445552584523726e6
1.4734903755964022e6
1.6113138170757778e6
1.7584101042489181e6
1.915170979848056e6
2.0819953748452794e6
2.2592893762104716e6
2.447466195518092e6
2.6469461383626936e6
2.8581565745457876e6
3.0815319089991073e6
3.3175135534115997e6
3.5665498985295286e6
3.829096287100975e6
4.1056149874377744e6
4.396575167569534e6
4.70245286996586e6
5.023730986804311e6
5.3608992357628485e6
5.714454136316745e6
6.084898986521006e6
6.472743840260382e6
6.878505484949976e6
7.302707419670368e6
7.7458798337219525e6
8.208559585584019e6
8.691290182264756e6
9.194621759029081e6
9.719111059491811e6
1.0265321416064268e7
1.0833822730743e7
1.1425191456229795e7
1.204001057737264e7
1.2678869592917804e7
1.3342364497563563e7
1.4031097764306607e7
1.4745678327072436e7
1.5486721563621521e7
1.6254849278723288e7
1.705068968759035e7
1.787487739956566e7
1.872805340205566e7
1.9610865044702623e7
2.0523966023789845e7
2.146801636687336e7
2.244368241763434e7
2.345163682094632e7
2.449255850815187e7
2.5567132682543214e7
2.667605080504184e7
2.7820010580072045e7
2.8999715941623725e7
3.021587703949976e7
3.14692102257436e7
3.276043804124273e7
3.409028920250395e7
3.545949858859635e7
3.68688072282583e7
3.8318962287164494e7
3.981071705534969e7
4.1344830934785426e7
4.2922069427106455e7
4.45432041214836e7
4.6209012682639904e7
4.792027883900685e7
4.967779237101784e7
5.148234909953604e7
5.333475087441361e7
5.523580556317985e7
5.718632703985542e7
5.9187135173890255e7
6.123905581922253e7
